13.049,5.6727,0.020756,-2.0062,1.7892,-0.17325,-5.6991,0.12504,-4.0615,1.5199,-0.78441,1.0227,0.93941,-1.0848,-2.8466,1.1511,-1.9211,-0.15681,6.1375,0.98615,0.92389,-3.7708,1.6906,0.47503,-4.221,-5.7258,-2.0599,-1.6624,3.0357,-1.9398,2.3025,1.2693,-0.24524,-3.0864,1.5207,-5.3888,1.445,-5.5058,-0.83789,1.0568,-0.58892,4.6754,0.76341,-1.3906,1.7336,2.0505,-0.29152,-3.2892,0.50751,5.3818,-0.23475,0.95245,2.8176,-1.5284,1.2715,-2.3773,3.9316,5.9202,-7.0728,1.0834,1.3742,-1.983,7.7423,-2.6661,1.6617,-1.5222,1.9989,2.4339,-0.28587,-3.7662,-1.409,-1.4187,3.0573,0.60073,7.3343,7.1642,-1.8616,-2.0499,3.8799,3.369,-1.0072,3.603,6.4866,1.6459,-0.15615,-3.342,4.7877,-3.6815,-4.2829,-1.3848,1.1657,-7.72,0.95384,1.218,-1.8424,1.1413,-1.8729,4.0077,-1.1268,2.771
5.6727,10.271,1.8392,2.2145,3.659,-3.2334,-2.0729,-2.8432,0.097304,2.1055,-0.99247,4.007,0.16083,1.023,0.82759,-1.7815,0.68626,-2.9886,3.4457,-0.29842,-0.55658,-1.5795,-0.85622,-1.9572,-4.3518,-7.1905,-3.7652,-1.2677,-3.531,-0.57649,1.1792,2.344,-1.8879,-4.1088,0.2746,-4.4542,-0.63956,-3.3976,-0.35222,2.3145,0.87663,1.1436,4.3223,-3.944,0.60714,2.0926,-0.22243,-1.8918,1.4881,3.1266,-1.2517,4.3568,3.4551,-5.8021,2.5353,0.20208,3.2192,1.7634,-3.6964,0.22485,2.2706,-0.11859,3.1467,-2.5091,4.7215,3.0481,-0.51612,-1.2839,0.97195,-0.99796,-4.2024,-2.4545,-1.5424,-0.66579,-0.25751,-0.45004,0.66933,-5.3951,1.8218,-1.3718,3.3383,3.7548,5.6509,2.0378,2.7542,-4.9573,-0.57567,-4.1867,2.5213,0.33042,-0.2878,-5.9784,-2.1259,-4.6062,2.9846,0.43066,-0.12976,-6.2833,2.7374,1.2578
0.020756,1.8392,2.2278,0.24398,0.71883,-0.94344,-0.71984,-1.8593,-0.12099,-0.39226,-2.2146,1.9235,-1.7703,0.17658,1.8786,-0.54163,-1.3991,-3.0523,-0.76674,0.1221,-1.4167,-0.030578,0.78819,-0.46727,-0.58076,-2.1444,-2.5951,0.34715,-2.8906,-2.3489,-0.67561,0.64499,-3.6351,0.77964,-0.31979,0.3878,-0.70024,1.687,0.55241,1.7339,-0.26661,-0.30494,-0.052682,-1.9554,-0.032815,0.56142,0.90047,-1.5984,0.4523,-0.30363,-2.2548,-0.94995,-1.0428,0.36402,-0.46242,-0.21695,-0.96598,-0.053334,-0.75626,0.63808,0.40502,-0.9027,-0.42374,-0.23431,-0.59026,1.063,-1.795,-0.86661,0.066488,-0.1846,-0.33331,-1.2845,0.28285,-0.28042,-1.1841,-2.1133,2.4993,-2.1623,1.9759,-2.2862,1.2916,-0.22981,0.29158,-0.62197,0.1951,-0.16439,-0.57343,-0.22811,2.1038,-2.2749,-1.6271,1.45,-2.0699,-3.1188,1.4329,0.14457,-0.95908,-1.6778,1.2039,0.78002
-2.0062,2.2145,0.24398,8.0663,-1.2031,-2.5661,0.17345,-1.9703,4.6561,0.33836,1.5721,3.2919,2.1663,0.0066903,1.1197,-4.0895,0.507,0.16343,1.7563,-1.1113,0.29612,-1.0217,-0.77381,2.1369,-3.9068,-1.3774,2.1875,-2.1546,-0.70924,2.7736,0.83967,-1.9248,-0.11223,-3.9796,2.3112,3.0671,-3.0835,0.37361,-2.3098,0.90091,-0.73564,-4.2443,4.1622,-1.1708,0.72601,-3.5089,-1.4395,3.6386,2.2449,2.0971,-1.9163,-2.6559,1.3118,-4.5207,3.8714,5.6937,0.65546,-1.2244,2.1392,5.1843,-1.8808,2.5566,-2.1928,-2.2546,2.7401,0.59452,0.42137,-3.2365,3.3541,7.3837,-6.1617,1.0481,-4.7129,-2.1558,-0.71037,-2.0991,0.52209,1.4261,-1.4666,1.516,1.4301,-0.3267,-0.76496,1.4837,2.6519,-0.46636,-0.43759,2.3631,0.99534,-0.69858,-3.3831,0.24915,-1.3872,-1.3215,0.11567,-0.092381,2.2976,-6.1802,0.61499,-0.48147
1.7892,3.659,0.71883,-1.2031,3.0087,-0.35483,0.73022,-0.10896,-0.032325,2.5213,-0.55372,2.5832,-1.1133,1.1362,2.2827,1.0448,1.0089,-1.7559,0.50159,0.85117,-0.065075,-0.013901,0.1719,-1.1199,-1.8263,-2.0306,-1.4925,-1.0979,-1.5697,-2.194,-0.010322,2.7961,-0.15461,-0.96318,-0.38182,-3.2204,1.1287,0.69469,0.56916,3.4344,0.20664,0.56891,-0.59612,-2.3285,-1.4632,3.8006,0.98645,-1.4033,1.2503,0.65477,-0.18716,3.8182,2.4285,-1.2392,-0.10303,-1.7034,2.9927,1.3112,-0.3824,-1.201,1.1188,-1.6357,1.5311,0.96483,3.7674,-0.078781,-2.5186,-0.10837,-0.41641,-2.6776,0.85871,-1.1887,-0.33916,-0.025208,-1.6154,-0.43519,-1.6551,-2.8461,-0.70573,-0.98713,1.7443,2.8092,2.2337,1.1426,0.76251,-1.0929,-0.42299,-0.71327,2.9437,1.7938,2.9714,-2.8393,-1.3611,-1.0291,0.776,-0.91818,1.1421,-1.0174,2.1183,-1.3251
-0.17325,-3.2334,-0.94344,-2.5661,-0.35483,2.5325,1.3268,1.7303,-1.5675,-0.95618,0.27511,0.71471,-0.16211,1.5834,-0.27093,2.1683,-0.15376,2.3682,-0.058264,1.4145,1.5657,0.33131,-0.95477,0.9066,1.96,2.7858,0.55881,0.15919,2.2098,-0.64692,0.11616,-0.63359,-0.87739,1.0633,-0.59012,0.49235,2.5398,0.64776,-1.1184,-0.64782,0.67827,-0.57635,-3.2296,0.99228,-0.21442,1.3691,1.236,0.23615,-0.50089,-1.2931,1.3559,-0.29312,-0.53958,2.7899,-2.189,-1.8871,1.2339,0.91456,0.73169,-0.79181,-0.060458,-1.842,1.2396,1.5555,-0.45628,-2.1625,-0.72754,0.78418,0.018964,-0.46087,2.7499,-0.33128,1.9132,0.39281,0.50756,1.9082,-1.9862,1.3983,-0.59745,-1.1606,-1.6685,0.5961,-1.4883,-1.7765,-0.90165,1.2689,0.54444,1.5757,-0.060246,-0.6596,1.8944,1.0459,1.5635,2.26,-0.57951,-1.148,-1.199,3.5698,-2.398,-1.3861
-5.6991,-2.0729,-0.71984,0.17345,0.73022,1.3268,4.7672,0.86313,2.0381,0.30523,1.1479,2.9317,-0.22697,2.9725,2.7539,0.90699,2.148,1.1624,-1.4799,0.76752,1.3013,1.7962,-2.2176,0.30172,1.8572,3.6255,1.3382,-0.47864,-0.29,0.23806,-0.7899,0.36907,-0.099609,0.12661,-1.1558,1.3083,1.4088,3.4446,-0.86336,1.2932,1.0551,-3.1716,-2.2774,-0.02258,-1.7605,2.0457,1.2982,2.1895,0.48712,-2.4892,1.2645,1.904,1.022,0.2542,-1.3481,-0.29209,1.8282,-1.3793,4.2382,-1.2673,-0.64642,-1.0019,-1.9425,2.4055,2.5898,-0.74438,-2.7636,-1.3806,0.92049,1.3519,1.7122,-0.3015,-1.5081,-0.52968,-4.4251,-2.4132,-2.226,0.91383,-3.5895,-2.9811,0.87811,1.032,-2.6543,-0.88591,0.29442,1.7006,-2.568,3.0676,4.5059,1.8214,2.2444,2.0089,0.28529,0.53318,0.94177,-2.4954,1.3645,-1.2332,0.11481,-3.4008
0.12504,-2.8432,-1.8593,-1.9703,-0.10896,1.7303,0.86313,3.2574,-0.78487,1.7866,1.7079,-2.7914,0.23031,-0.57816,-1.0838,1.9202,1.2352,3.8121,-1.587,1.3364,1.1019,0.49627,0.27425,0.095571,-1.0275,2.2108,2.4602,-0.58129,1.9752,0.58521,1.0533,-0.0020631,3.72,0.60259,1.0474,-1.2665,2.3036,-1.2109,-0.25345,-0.55019,-0.052777,-0.412,-1.1537,0.91314,-1.1519,0.63941,-0.12337,0.4933,0.79811,-0.4748,1.8111,1.5382,-0.20195,2.1625,-0.36071,-0.26861,1.5834,0.084521,1.8135,-0.0040582,0.89562,0.35595,0.41271,2.3752,1.1931,-2.8422,-0.06617,1.3133,-1.1383,-0.7023,2.6727,2.1557,0.20095,0.5588,0.79907,2.2479,-3.7617,0.98416,-2.8163,3.2877,-2.3021,0.3368,-1.1895,0.45722,0.94447,0.19848,1.6326,0.68078,-2.5899,2.6265,4.6943,-1.0236,0.30454,3.9995,-1.7333,0.29877,1.8035,2.4782,-1.0831,-2.9884
-4.0615,0.097304,-0.12099,4.6561,-0.032325,-1.5675,2.0381,-0.78487,4.7434,1.9198,1.417,1.9743,0.78379,-0.34628,2.9136,-2.0271,1.4534,-1.5628,-0.021714,-1.0986,-0.3196,0.26192,0.61933,1.2027,-1.9452,0.78038,2.6828,-1.8927,-0.53085,0.90413,-0.73752,0.5663,2.3127,-1.8785,0.92327,1.7121,-2.6274,3.4943,0.18763,3.1029,-1.3466,-2.4026,1.1587,-0.5846,-1.3692,-0.68339,-0.79117,2.7609,1.689,0.8664,-1.0942,-0.43902,2.2312,-2.9455,2.3141,3.0682,0.52669,-1.3622,3.3355,1.9367,-2.408,1.3322,-3.186,-0.10877,2.9659,-0.02877,-1.1923,-1.9869,1.352,3.0804,-2.4254,1.2244,-4.0587,-1.3356,-2.6813,-3.0584,-0.61539,1.5738,-2.9669,1.4517,2.0629,-0.21519,-1.0349,2.2341,0.52801,1.6943,-1.2887,3.0538,2.6693,2.2353,-0.72315,0.57047,-1.1241,-0.095263,-1.0435,-1.0963,3.8857,-3.0013,2.5825,-1.2888
1.5199,2.1055,-0.39226,0.33836,2.5213,-0.95618,0.30523,1.7866,1.9198,5.8657,1.196,-0.79637,-0.64455,-1.9276,2.3353,0.7059,1.9687,-0.6934,-0.99195,0.72149,-0.59877,-0.15552,2.8163,-0.55323,-5.6076,-1.5787,2.0328,-2.7232,-0.62413,-1.5007,0.61258,3.3526,5.4264,-1.3901,2.052,-3.8481,0.10935,0.81412,1.5872,5.0194,-1.8265,0.25108,0.56009,-2.121,-2.9259,2.661,-0.52397,-0.38686,3.1895,2.1202,-0.47685,3.7765,3.0107,-1.3091,2.1514,0.69546,3.2558,0.75065,1.7271,1.0418,0.53166,0.50698,-0.082254,2.0175,5.4587,-2.244,-2.2457,0.40145,-1.3927,-2.0885,0.81039,2.2478,-2.5878,-0.17158,-0.81645,0.027347,-3.9872,-1.543,-3.6218,5.249,0.82823,1.927,1.6531,4.0511,1.9095,-0.36309,1.5332,0.51067,0.032358,5.1655,5.6259,-4.0952,-2.7475,2.0884,-2.275,0.21489,5.4962,-0.45715,3.6855,-3.2395
-0.78441,-0.99247,-2.2146,1.5721,-0.55372,0.27511,1.1479,1.7079,1.417,1.196,2.7664,-1.261,2.0875,-0.14282,-1.2695,-0.25883,2.0021,3.2828,0.64697,-0.16625,1.4542,0.024708,-0.96296,0.64331,-0.92469,1.7296,3.2336,-1.0604,2.2729,2.931,0.99508,-0.69042,4.1722,-1.7722,1.0081,-0.1981,0.26271,-1.6122,-0.97488,-1.0947,0.14234,-0.96938,1.1636,1.3142,-0.2601,-0.93979,-1.1968,2.4308,0.50848,0.66657,1.9103,1.2255,1.5541,-1.5049,1.4866,1.6297,1.5892,-0.43507,1.7821,0.51201,-0.45103,1.6255,-0.26894,0.23232,2.0756,-1.0734,1.4112,0.034172,0.52159,1.7361,-0.82192,1.789,-1.8046,-0.23441,0.43102,1.3307,-2.9526,2.015,-3.0222,2.9218,-0.84009,0.45713,-0.48049,1.2871,0.99267,-0.20625,0.37308,0.73196,-1.5935,2.9013,1.8671,-1.758,1.2527,2.9035,-1.2793,-0.15301,2.1614,-0.34315,-0.62591,-1.6761
1.0227,4.007,1.9235,3.2919,2.5832,0.71471,2.9317,-2.7914,1.9743,-0.79637,-1.261,14.25,-0.22239,6.6116,5.8824,0.0044805,-0.6804,-2.438,5.4999,1.9785,2.6712,-1.4834,-2.9613,3.312,-1.0315,-1.1035,-2.2413,-3.1301,-0.037508,-3.5874,-0.30213,0.63176,-8.6978,-4.1584,-0.87546,1.5386,1.5193,5.2703,-4.326,6.1075,0.98425,-4.5163,-3.421,-3.9463,-0.23402,4.8402,3.5078,1.4338,2.1524,1.2326,-2.0524,-0.75003,4.2366,-2.6434,-1.0398,-1.0213,6.5136,3.6531,0.47742,2.3972,-2.0976,-5.531,3.1526,-0.67044,5.9092,-1.382,-5.4361,-3.5462,4.9218,3.7761,-2.3651,-4.9117,-0.70551,-2.2967,-2.4212,-0.81426,-1.6006,-0.57505,0.42955,-7.4947,3.2678,5.2311,0.82095,-1.846,0.10795,1.027,-1.52,4.9203,9.1853,-4.2513,-1.3608,-0.058285,-0.11607,-2.9906,1.9271,-5.0214,-1.6434,-1.9973,-0.78541,-1.4904
0.93941,0.16083,-1.7703,2.1663,-1.1133,-0.16211,-0.22697,0.23031,0.78379,-0.64455,2.0875,-0.22239,2.7176,0.13973,-2.2408,-1.0871,0.87582,2.3057,2.7716,-0.88115,1.4866,-0.83636,-1.4524,1.0269,0.1886,0.64833,2.0258,-0.5457,2.7522,3.2408,0.8848,-1.4812,2.105,-2.3829,0.49048,0.45581,-0.60016,-2.4557,-1.4406,-2.2064,0.39824,0.01016,1.7475,1.6688,1.2647,-1.8539,-1.3608,2.1651,-0.59147,1.4425,1.5458,-0.28278,1.5702,-2.4851,1.5721,1.4123,0.80369,0.31553,-0.4256,0.50545,-0.99117,1.3293,0.81169,-1.7796,0.51534,0.19152,2.7942,-0.050988,1.2999,2.0897,-2.4857,0.47638,-0.9056,-0.30903,1.8788,1.9641,-1.0857,2.2463,-0.66444,1.5381,-0.49601,0.32044,0.61007,0.62721,-0.014275,-0.59617,0.30977,-0.14315,-1.801,0.7266,-1.1965,-1.8284,2.3477,1.5804,-0.77291,-0.10409,0.059294,-0.21864,-1.4247,0.81764
-1.0848,1.023,0.17658,0.0066903,1.1362,1.5834,2.9725,-0.57816,-0.34628,-1.9276,-0.14282,6.6116,0.13973,5.1053,1.6248,0.87377,0.53298,1.3901,1.8805,1.5267,2.397,0.28291,-4.0146,0.80932,2.0075,1.1161,-1.5617,-0.30777,0.033959,-0.39278,0.17337,-0.67297,-5.1173,-1.3433,-1.5675,0.92631,2.6832,1.0476,-3.1118,0.17403,2.3947,-2.964,-2.1372,-1.0299,0.30469,2.5634,2.2463,1.0892,-0.029681,-1.4853,0.91859,1.0963,1.0757,-0.36083,-2.0142,-1.4641,3.3425,0.92775,0.81688,-0.66196,0.25533,-2.8446,1.802,0.48642,2.2905,-0.15817,-2.3088,-1.6625,2.4795,1.9984,0.11747,-2.983,0.54643,-0.72197,-2.1696,-0.18664,-1.2793,-0.43992,-0.29577,-6.114,0.77225,2.8159,-0.68999,-2.7786,0.5231,-0.30954,-1.9364,1.6399,4.8067,-2.1404,0.24677,0.73935,1.1714,-1.3366,2.7069,-2.7839,-2.4892,-1.488,-2.2389,-1.6465
-2.8466,0.82759,1.8786,1.1197,2.2827,-0.27093,2.7539,-1.0838,2.9136,2.3353,-1.2695,5.8824,-2.2408,1.6248,6.2153,0.40637,0.19115,-4.1907,-0.72936,0.86636,-0.64919,0.51649,1.3073,0.86449,-1.6844,-0.022891,-0.49033,-2,-2.3108,-4.1302,-1.6098,2.7349,-2.2283,-0.1778,-0.29117,0.42238,-0.37016,6.8136,0.58581,6.8775,-1.2128,-2.3118,-2.8551,-3.0593,-2.7067,3.8329,2.0013,0.016343,2.3517,-0.20836,-2.4732,0.46089,2.0737,-0.20723,-0.52822,-0.4519,2.2423,0.47592,2.7735,0.86285,-1.5332,-2.6348,-1.5011,1.859,3.8555,-1.2143,-5.4493,-1.861,0.76512,-0.041907,0.90969,-1.1269,-1.7822,-1.1015,-4.2324,-3.6449,-0.77623,-1.0715,-1.6558,-2.3675,2.8898,1.6642,-0.6494,0.75327,-0.20012,2.4915,-1.3992,3.9239,6.4873,0.38966,1.292,1.424,-2.6898,-1.676,-0.060888,-2.5639,2.5368,-1.0343,3.1712,-2.3402
1.1511,-1.7815,-0.54163,-4.0895,1.0448,2.1683,0.90699,1.9202,-2.0271,0.7059,-0.25883,0.0044805,-1.0871,0.87377,0.40637,2.8848,0.12132,0.93291,-0.55036,1.5428,0.79573,0.40296,0.23553,-0.18959,1.0356,1.5336,-0.20812,0.0030494,1.2945,-2.0306,-0.087901,1.1982,0.18485,1.4337,-0.71572,-1.6929,2.7108,0.74564,0.28494,0.94918,0.28025,0.96325,-3.4152,0.14582,-1.0975,3.0335,1.3524,-1.242,-0.15232,-0.88625,1.1649,1.6573,0.19531,2.7485,-2.1989,-3.0405,1.7,1.4137,0.041927,-1.8749,0.68976,-2.2399,1.7329,2.1411,0.47014,-2.0765,-1.5058,1.4712,-1.2151,-3.1957,3.8243,-0.37584,2.1454,0.8075,0.2058,1.8023,-2.3605,-0.21832,-0.59897,-0.46022,-1.0483,1.2921,-0.081191,-0.70628,-0.95622,0.81566,0.76602,0.45012,0.2231,0.78077,3.5786,-0.50741,0.65623,2.0107,-0.75385,-0.87438,-0.32917,3.9801,-0.74584,-1.4963
-1.9211,0.68626,-1.3991,0.507,1.0089,-0.15376,2.148,1.2352,1.4534,1.9687,2.0021,-0.6804,0.87582,0.53298,0.19115,0.12132,2.7031,1.7322,-0.61636,-0.052894,0.7378,0.88201,-1.1853,-0.87369,-0.63277,0.973,1.7308,-0.67689,-0.02792,1.8642,0.41224,0.84329,3.5861,-1.1707,0.070056,-1.446,0.57397,-0.77116,0.022352,0.075628,0.6402,-0.75904,1.0216,0.16531,-1.1651,0.82166,-0.57008,1.4185,0.63109,-0.3064,1.7903,3.5981,1.8397,-1.7758,0.89111,0.60129,1.7675,-1.0243,2.0882,-1.1458,0.55356,1.139,-0.78161,1.0886,3.066,0.058416,-0.14384,-0.25957,-0.14248,-0.0055174,0.13101,0.99703,-2.0304,-0.073051,-1.9513,-0.57734,-2.5573,-0.11818,-3.279,1.0626,0.50207,1.1257,0.0030229,1.3611,1.3678,-0.76864,-1.0658,-0.16386,0.78271,3.8734,2.9309,-1.8745,0.12462,1.1748,0.21625,-0.43996,2.427,-2.0163,1.0074,-2.2553
-0.15681,-2.9886,-3.0523,0.16343,-1.7559,2.3682,1.1624,3.8121,-1.5628,-0.6934,3.2828,-2.438,2.3057,1.3901,-4.1907,0.93291,1.7322,9.3029,-0.92028,2.0361,3.2558,0.35984,-3.5653,0.71522,-0.89032,2.8833,3.0296,-0.12195,2.8199,4.4135,3.1603,-3.6637,2.0934,-0.98423,1.8083,0.49362,3.9856,-5.6448,-3.9465,-5.4835,2.1943,-3.5975,1.144,1.733,0.91416,-2.2012,-0.50343,2.6561,0.6686,-1.2984,3.4085,0.79592,-1.8297,1.7372,-0.012744,1.9482,2.3498,-0.82968,2.3863,1.847,2.3069,1.8425,1.2244,1.6387,0.99911,-2.716,1.9532,0.23817,0.94574,4.3531,0.52945,2.3687,-0.15276,0.066576,1.8343,3.8191,-4.4361,1.7459,-3.2246,2.3072,-4.312,0.39379,-2.7496,-1.7288,3.7274,-2.2016,1.6619,0.18886,-4.5562,0.71067,4.0252,-0.62928,1.5056,4.4287,0.2501,0.82766,-0.32757,-0.62254,-5.1018,-4.1304
6.1375,3.4457,-0.76674,1.7563,0.50159,-0.058264,-1.4799,-1.587,-0.021714,-0.99195,0.64697,5.4999,2.7716,1.8805,-0.72936,-0.55036,-0.61636,-0.92028,7.8583,-0.65371,2.2476,-2.839,-1.2113,2.3799,0.13794,-1.6333,-0.11085,-1.8191,4.2829,0.42763,0.47532,-0.052243,-1.4209,-4.4353,-0.36553,-0.8402,-0.54671,-1.0909,-2.1398,0.99935,0.10547,1.9149,-0.22626,0.34214,1.9138,1.1575,-0.12713,0.91198,-0.78944,4.0358,0.5265,-0.69922,4.7346,-4.1988,1.1491,-1.1213,3.5596,4.2532,-3.9463,0.26006,-2.3838,-2.1565,4.7612,-3.7216,1.9768,-0.045159,1.853,0.029263,2.606,0.23962,-3.554,-2.7139,0.77726,-0.64775,3.7648,3.9549,-1.0812,1.7873,2.1121,-0.89926,1.1864,3.2139,4.0086,0.67136,-2.2208,-0.28816,0.95481,0.19667,0.79881,-1.5655,-2.8817,-4.339,3.5826,0.36005,-1.1907,-2.0035,-1.8343,2.2701,-1.3718,3.1959
0.98615,-0.29842,0.1221,-1.1113,0.85117,1.4145,0.76752,1.3364,-1.0986,0.72149,-0.16625,1.9785,-0.88115,1.5267,0.86636,1.5428,-0.052894,2.0361,-0.65371,2.1663,1.0811,0.013471,-0.58416,0.4709,-1.6239,0.17549,-0.31324,-0.81903,-0.071605,-1.4992,0.97881,-0.020925,-1.6765,0.030148,0.66467,-0.61785,2.743,0.034759,-1.5621,1.0591,0.53944,-1.9867,-1.6379,-1.3987,-0.70327,1.8491,1.4115,-0.35858,1.5001,-0.55952,-0.00863,0.65967,-0.44326,1.9548,-1.0926,-0.62365,2.5887,0.97463,0.9875,1.1982,1.2931,-1.54,1.4534,1.8769,1.9168,-2.3167,-2.2443,-0.16751,0.31607,0.57879,1.668,-0.12332,0.61672,-0.14999,-0.15147,1.1167,-2.3282,-0.96129,-0.92213,-0.54201,-1.0884,1.5457,-0.79354,-1.0348,1.6372,-0.42456,1.0219,1.1542,0.55279,-0.68849,3.1456,-0.10632,-1.0123,0.94716,0.32135,-0.54786,-0.11865,0.40898,-1.3149,-2.8074
0.92389,-0.55658,-1.4167,0.29612,-0.065075,1.5657,1.3013,1.1019,-0.3196,-0.59877,1.4542,2.6712,1.4866,2.397,-0.64919,0.79573,0.7378,3.2558,2.2476,1.0811,2.5169,-0.47503,-2.3268,1.4186,0.3045,1.5302,1.1431,-0.94522,2.6124,1.1542,1.0556,-1.1264,-0.52199,-1.7935,0.10039,0.21776,2.0767,-1.0292,-2.6319,-0.80314,1.1444,-1.5951,-1.0418,0.50547,0.43751,0.77868,0.56482,1.6617,0.18747,0.23132,1.6403,0.42568,1.3422,-0.33383,-0.40586,-0.26844,3.059,1.2957,0.5292,0.44589,-0.22011,-1.0687,2.0567,0.15351,1.91,-1.6278,0.073832,-0.25133,1.6155,1.8288,-0.17373,-0.54503,0.22968,-0.36015,0.84688,2.3772,-2.8259,1.4473,-1.2147,-0.80801,-0.95192,1.9158,-0.31721,-0.94969,0.45694,-0.20142,0.39066,1.3505,0.29362,-0.25637,1.2913,-1.0989,1.9053,1.9224,-0.10351,-1.4254,-0.70325,0.84755,-2.5435,-1.4621
-3.7708,-1.5795,-0.030578,-1.0217,-0.013901,0.33131,1.7962,0.49627,0.26192,-0.15552,0.024708,-1.4834,-0.83636,0.28291,0.51649,0.40296,0.88201,0.35984,-2.839,0.013471,-0.47503,1.5957,-0.56942,-1.1374,1.6206,1.645,0.024281,1.0401,-1.4968,0.30962,-0.63326,0.12607,0.43884,1.7352,-0.81434,0.54373,0.38574,0.94586,0.79268,-0.75691,0.58004,-0.76867,-0.43005,0.36899,-0.81579,0.076643,0.27267,0.14292,-0.37799,-2.2912,0.59815,1.0866,-1.298,1.2086,-0.98929,-0.19097,-1.2611,-1.9822,1.9451,-1.4754,0.64573,0.52244,-2.1064,1.5324,-0.65511,0.62665,-0.7668,-0.17758,-0.80012,-0.36468,1.6813,0.43999,-0.31158,0.2948,-2.5398,-2.0836,0.34592,-0.36707,-1.2365,-1.1995,0.046412,-0.95364,-1.7704,-0.66615,0.27149,0.43026,-1.5467,0.057816,1.0269,1.0761,0.95565,1.9913,-0.49902,-0.35696,1.0347,0.0019987,0.37753,-1.0183,0.4741,-1.2233
1.6906,-0.85622,0.78819,-0.77381,0.1719,-0.95477,-2.2176,0.27425,0.61933,2.8163,-0.96296,-2.9613,-1.4524,-4.0146,1.3073,0.23553,-1.1853,-3.5653,-1.2113,-0.58416,-2.3268,-0.56942,4.9718,0.084148,-2.5646,-1.2118,0.82869,-0.8077,-0.10483,-2.7544,-0.9148,2.2109,3.1211,1.3995,1.2554,-1.1989,-2.0915,2.3834,3.1862,3.6407,-3.0862,2.6522,-0.62834,-0.46971,-1.453,0.28246,-0.72015,-1.8149,0.96435,1.8219,-2.1296,-1.2739,0.16288,1.1189,1.0154,-0.054625,-1.5424,0.7028,-0.58082,0.90332,-1.125,0.25975,-0.97914,0.39748,-0.67646,-1.2848,-0.54856,1.3934,-2.1889,-3.1087,1.1219,1.789,-0.053018,0.40717,1.359,-0.12052,0.47466,0.038647,0.38921,4.6868,0.20728,-1.3732,0.97143,2.7372,-1.4654,1.8424,2.107,0.41482,-1.8948,1.4499,0.65479,-0.51518,-1.8966,1.0715,-3.2945,1.1857,2.8268,3.2011,3.0759,0.92805
0.47503,-1.9572,-0.46727,2.1369,-1.1199,0.9066,0.30172,0.095571,1.2027,-0.55323,0.64331,3.312,1.0269,0.80932,0.86449,-0.18959,-0.87369,0.71522,2.3799,0.4709,1.4186,-1.1374,0.084148,3.0085,-0.67988,1.4284,1.8418,-1.6377,2.8095,-0.28383,0.17659,-1.2152,-1.0807,-1.4507,0.92473,2.2429,-0.1285,2.0268,-1.9413,1.4116,-0.84257,-1.7958,-1.6192,0.27802,0.28107,-0.34651,0.38599,1.8505,0.7753,1.2768,-0.6512,-3.212,1.0051,0.073065,0.28471,0.94633,1.5828,1.5232,0.78789,2.6999,-2.3673,-1.1509,0.6862,-0.52269,0.76121,-2.3522,-0.43417,-0.66872,1.9506,2.9588,-1.105,-0.013062,-0.28343,-0.89569,1.48,1.463,-1.3285,2.8857,-0.36898,0.53227,-0.54432,0.44501,-0.99477,-0.27691,-0.78408,2.0127,1.2136,3.5347,0.30182,-1.722,-1.0935,0.76085,1.0207,1.7471,-1.9161,-1.4267,0.18696,2.0807,-1.5776,-0.33813
-4.221,-4.3518,-0.58076,-3.9068,-1.8263,1.96,1.8572,-1.0275,-1.9452,-5.6076,-0.92469,-1.0315,0.1886,2.0075,-1.6844,1.0356,-0.63277,-0.89032,0.13794,-1.6239,0.3045,1.6206,-2.5646,-0.67988,9.901,4.4959,-1.5496,3.8175,1.5596,1.1075,-2.5467,-1.3396,-2.7084,3.356,-4.4859,2.8529,-0.11825,1.5412,0.97614,-4.6445,1.9048,2.527,-3.1983,4.0431,1.6086,-0.4703,0.73806,0.037716,-5.2477,-3.6759,2.4154,-1.2866,-1.7459,1.9354,-3.876,-3.7557,-4.2055,-1.2628,-1.1894,-5.9275,-1.4832,-1.3734,-0.94299,-0.83512,-6.3527,2.9955,2.1834,1.0349,-0.43506,-2.5098,2.4231,-2.658,3.5587,1.2202,-1.1119,-0.91812,3.6047,2.4857,2.567,-6.4371,0.066866,-2.0957,-1.6393,-3.676,-5.095,2.4716,-3.4164,-0.65601,1.6608,-2.0735,-4.4641,4.4077,4.7396,-1.1129,1.5978,-1.4481,-4.9461,3.7281,-2.1961,3.8219
-5.7258,-7.1905,-2.1444,-1.3774,-2.0306,2.7858,3.6255,2.2108,0.78038,-1.5787,1.7296,-1.1035,0.64833,1.1161,-0.022891,1.5336,0.973,2.8833,-1.6333,0.17549,1.5302,1.645,-1.2118,1.4284,4.4959,6.545,3.2839,0.64116,3.1446,1.3966,-1.0438,-1.453,1.7398,1.9959,-1.1146,3.147,1.0655,2.9447,-0.42448,-1.6621,0.32166,-1.5424,-3.6202,3.2125,-0.77454,-0.38821,0.45656,2.6456,-1.3813,-2.8013,2.2707,-1.3525,-0.8461,2.8836,-2.1109,-0.61249,-0.82058,-1.425,3.7313,-1.5514,-2.0221,-0.36311,-2.2427,2.077,-1.7069,-1.8893,0.015251,0.407,0.061313,1.0061,3.0325,1.0764,0.42708,0.27036,-1.3924,-0.067315,-1.7902,4.4201,-2.8032,-0.70533,-1.6347,-1.4759,-4.1915,-1.6225,-2.1392,3.7237,-1.0573,3.6383,0.32914,1.0562,0.8785,3.8161,2.7389,3.5406,-1.5051,-1.7316,0.32932,3.8012,-2.0961,-1.7546
-2.0599,-3.7652,-2.5951,2.1875,-1.4925,0.55881,1.3382,2.4602,2.6828,2.0328,3.2336,-2.2413,2.0258,-1.5617,-0.49033,-0.20812,1.7308,3.0296,-0.11085,-0.31324,1.1431,0.024281,0.82869,1.8418,-1.5496,3.2839,5.2957,-1.7706,3.4528,2.4988,0.535,-0.69027,6.0397,-1.1857,1.8484,0.99218,-0.62274,0.56707,-0.34839,0.25307,-1.365,-1.3071,0.13999,1.9386,-1.0665,-1.562,-1.5221,3.2106,1.0839,0.99398,1.3043,-0.6107,1.4569,-0.47106,1.8614,2.4745,0.97933,-0.60661,3.2746,1.7442,-2.0094,1.9255,-1.6687,0.86699,1.7526,-2.6903,1.1079,0.25826,0.23951,2.2522,-0.25464,3.2793,-2.4149,-0.3846,0.75162,1.2372,-3.5698,3.974,-4.1298,5.3332,-1.3565,-0.67126,-1.7919,2.1391,0.18121,1.9271,1.2564,2.9179,-2.4132,3.564,2.1063,-0.5842,1.0352,4.7226,-3.507,-0.24393,3.9772,1.666,-0.15017,-2.207
-1.6624,-1.2677,0.34715,-2.1546,-1.0979,0.15919,-0.47864,-0.58129,-1.8927,-2.7232,-1.0604,-3.1301,-0.5457,-0.30777,-2,0.0030494,-0.67689,-0.12195,-1.8191,-0.81903,-0.94522,1.0401,-0.8077,-1.6377,3.8175,0.64116,-1.7706,2.7811,-1.1718,0.85679,-0.71059,-1.0174,-1.3494,2.5626,-1.6363,0.88788,-0.18717,-1.3049,1.0437,-3.7497,1.0778,1.4524,0.29894,1.52,1.165,-1.5626,-0.14263,-1.1117,-2.4289,-2.2406,0.68171,-0.48782,-2.8562,1.5839,-1.5409,-1.0658,-3.6483,-1.692,-1.1446,-2.4628,0.99522,0.71668,-1.0097,-0.37268,-4.3538,2.379,1.6956,0.68752,-1.1269,-1.3102,1.0535,-0.57334,1.8328,0.92103,-0.30474,-0.95175,3.1245,-0.47419,2.0597,-2.297,-0.54982,-2.1328,-0.79323,-1.8873,-1.042,-0.39572,-1.3146,-2.3268,-1.0311,-1.3641,-2.1661,2.367,0.85084,-1.5704,1.7503,1.1032,-2.7424,0.049834,-0.8606,2.0276
3.0357,-3.531,-2.8906,-0.70924,-1.5697,2.2098,-0.29,1.9752,-0.53085,-0.62413,2.2729,-0.037508,2.7522,0.033959,-2.3108,1.2945,-0.02792,2.8199,4.2829,-0.071605,2.6124,-1.4968,-0.10483,2.8095,1.5596,3.1446,3.4528,-1.1718,6.8025,1.4881,0.491,-1.104,2.9942,-1.5343,0.27925,0.32489,0.70983,-0.67734,-1.3562,-1.0105,-0.57157,1.6472,-2.3411,3.1464,0.82271,-0.12829,-0.61592,1.9192,-1.1861,2.0667,2.3164,-1.6594,2.4154,0.06468,0.0040779,-1.0622,1.9687,2.7626,-0.97231,-0.12924,-2.6571,-0.99548,2.7567,-0.96694,-0.22462,-2.8631,2.6342,1.7754,0.74979,-0.18376,0.27439,0.49056,1.4535,0.26234,4.362,5.2118,-3.2964,4.8702,-0.62492,2.7817,-2.0069,0.83346,0.46245,0.39625,-2.8744,2.0702,2.2542,1.9537,-2.9678,0.60533,0.22779,-2.0114,4.5123,5.1317,-3.8454,-1.3117,-0.19569,6.6235,-2.8598,0.9414
-1.9398,-0.57649,-2.3489,2.7736,-2.194,-0.64692,0.23806,0.58521,0.90413,-1.5007,2.931,-3.5874,3.2408,-0.39278,-4.1302,-2.0306,1.8642,4.4135,0.42763,-1.4992,1.1542,0.30962,-2.7544,-0.28383,1.1075,1.3966,2.4988,0.85679,1.4881,6.0103,1.2854,-2.8881,3.4333,-1.6137,0.49257,1.2637,-0.84572,-4.7321,-1.3879,-5.6974,1.3835,-0.84847,4.0761,2.7226,1.779,-4.3287,-2.3694,2.9703,-1.238,-0.21387,2.5814,0.29674,-0.41253,-2.5005,1.9604,3.003,-1.2842,-2.3295,0.75621,0.037868,0.25695,3.844,-1.228,-1.6111,-0.92669,1.752,4.4097,-0.32369,0.90167,3.5473,-2.9047,1.6969,-1.7937,-0.081142,0.82668,0.69407,-0.1118,2.1076,-1.492,1.7948,-1.2165,-1.3871,-0.85981,0.12936,1.4579,-1.8372,-0.77742,-1.6342,-3.3477,1.5435,-1.4987,-0.62234,2.2189,1.2203,0.64713,1.2499,-0.0027294,-3.0508,-1.9012,0.40077
2.3025,1.1792,-0.67561,0.83967,-0.010322,0.11616,-0.7899,1.0533,-0.73752,0.61258,0.99508,-0.30213,0.8848,0.17337,-1.6098,-0.087901,0.41224,3.1603,0.47532,0.97881,1.0556,-0.63326,-0.9148,0.17659,-2.5467,-1.0438,0.535,-0.71059,0.491,1.2854,1.8761,-1.0263,0.53386,-1.4639,1.4955,-0.93635,1.4096,-3.2994,-1.7619,-1.2915,0.61032,-1.2236,1.627,-0.51085,0.53307,-0.67722,-0.37037,0.40793,1.1315,0.79897,0.57376,0.67399,-0.15357,-0.33178,0.9451,1.2328,1.8197,0.46483,-0.12433,1.8345,1.4955,0.8056,1.5218,0.039497,1.5496,-1.0357,0.66191,-0.06884,0.55154,1.7822,-0.94067,0.81543,-0.39577,-0.18958,1.5444,2.0072,-1.8128,-0.55585,-0.68785,1.7644,-1.3734,0.93243,0.32248,0.070007,2.458,-2.105,1.4548,-0.74798,-2.1644,0.043941,1.7509,-1.9071,-0.36788,1.1034,0.21002,0.83275,0.12331,-1.3342,-1.492,-1.461
1.2693,2.344,0.64499,-1.9248,2.7961,-0.63359,0.36907,-0.0020631,0.5663,3.3526,-0.69042,0.63176,-1.4812,-0.67297,2.7349,1.1982,0.84329,-3.6637,-0.052243,-0.020925,-1.1264,0.12607,2.2109,-1.2152,-1.3396,-1.453,-0.69027,-1.0174,-1.104,-2.8881,-1.0263,3.8677,2.0483,0.058847,-0.5414,-3.3887,-0.26072,2.3466,2.554,4.5831,-1.1166,2.3838,-1.2653,-1.5747,-2.1573,3.8147,0.45909,-1.8245,0.82104,1.0241,-0.51822,3.3917,2.7662,-0.90327,0.080323,-2.1367,1.574,1.1829,-0.41213,-2.0388,-0.027854,-1.3833,0.44492,1.0465,2.7641,-0.12224,-2.2326,0.74164,-1.6138,-4.6735,1.6965,-0.4402,-0.3088,0.35108,-1.4692,-0.88176,-1.1603,-1.9962,-0.76049,0.72108,2.0917,1.7574,2.4213,2.381,-0.95671,0.46915,-0.2268,-0.44596,2.4088,3.102,2.7264,-2.6084,-1.2705,-0.32847,-0.88487,-0.72117,2.4082,1.0824,3.6846,-0.35127
-0.24524,-1.8879,-3.6351,-0.11223,-0.15461,-0.87739,-0.099609,3.72,2.3127,5.4264,4.1722,-8.6978,2.105,-5.1173,-2.2283,0.18485,3.5861,2.0934,-1.4209,-1.6765,-0.52199,0.43884,3.1211,-1.0807,-2.7084,1.7398,6.0397,-1.3494,2.9942,3.4333,0.53386,2.0483,13.031,-0.69531,2.0031,-3.5334,-1.655,-2.2333,3.3099,0.095399,-2.2072,3.2016,2.4372,2.7084,-2.1692,-1.1239,-3.5513,1.5183,0.6253,2.1397,2.7214,3.8709,2.855,-1.93,3.4758,1.7095,0.019052,-1.1997,1.963,-1.2954,-0.61654,4.2465,-1.958,1.1084,2.2606,-1.3821,3.1621,2.5258,-3.0472,-3.078,0.82485,5.2394,-2.9561,0.93741,1.3136,1.7138,-4.3267,2.3782,-5.2084,10.103,-0.99514,-0.94256,1.0661,5.6449,0.045226,0.36347,1.7334,-1.0888,-5.4697,9.0728,5.0228,-4.7784,0.70638,5.9271,-4.7886,1.8054,6.8375,2.1737,3.14,-1.4549
-3.0864,-4.1088,0.77964,-3.9796,-0.96318,1.0633,0.12661,0.60259,-1.8785,-1.3901,-1.7722,-4.1584,-2.3829,-1.3433,-0.1778,1.4337,-1.1707,-0.98423,-4.4353,0.030148,-1.7935,1.7352,1.3995,-1.4507,3.356,1.9959,-1.1857,2.5626,-1.5343,-1.6137,-1.4639,0.058847,-0.69531,4.792,-1.3301,1.0491,0.30175,1.7111,2.3975,-1.4304,-0.18221,1.2791,-2.2055,1.1484,-0.5325,-0.33206,0.64279,-1.9673,-1.6001,-3.1655,-0.20921,-1.1221,-3.9138,4.601,-2.6535,-1.8368,-4.1324,-1.844,0.51209,-2.2449,0.7235,-0.14782,-2.2478,1.8746,-4.6917,0.40261,-0.45944,1.2953,-2.4919,-2.8144,3.9965,0.47043,2.3003,1.2191,-1.1442,-1.6666,2.4461,-0.31101,1.129,-1.1451,-1.115,-2.9248,-2.3485,-1.7277,-1.6372,1.6719,-0.57574,-0.50466,-0.83827,-0.7905,-0.025001,4.1594,-0.56826,-0.33787,0.28625,1.003,-1.2664,2.5778,0.074808,0.46444
1.5207,0.2746,-0.31979,2.3112,-0.38182,-0.59012,-1.1558,1.0474,0.92327,2.052,1.0081,-0.87546,0.49048,-1.5675,-0.29117,-0.71572,0.070056,1.8083,-0.36553,0.66467,0.10039,-0.81434,1.2554,0.92473,-4.4859,-1.1146,1.8484,-1.6363,0.27925,0.49257,1.4955,-0.5414,2.0031,-1.3301,2.6474,-0.25679,-0.088717,-1.2886,-0.85785,0.84894,-1.081,-1.6155,1.7281,-0.92949,-0.33386,-1.2984,-0.8303,0.71527,2.2872,1.6247,-0.88049,-0.79387,-0.082321,-0.22205,2.0233,2.6418,1.2021,0.178,1.0077,3.6182,0.35195,1.4334,-0.02953,0.30212,1.8859,-1.9661,-0.013796,-0.30336,0.3077,2.4066,-1.3045,2.1718,-1.6652,-0.55958,1.4679,1.0842,-1.7571,0.16472,-1.4299,4.2412,-1.1237,-0.019666,-0.24772,1.483,2.4104,-0.7642,2.2172,0.79383,-2.506,0.65649,1.671,-1.273,-1.7355,1.6544,-1.4587,1.139,2.3099,-1.071,0.007541,-1.8115
-5.3888,-4.4542,0.3878,3.0671,-3.2204,0.49235,1.3083,-1.2665,1.7121,-3.8481,-0.1981,1.5386,0.45581,0.92631,0.42238,-1.6929,-1.446,0.49362,-0.8402,-0.61785,0.21776,0.54373,-1.1989,2.2429,2.8529,3.147,0.99218,0.88788,0.32489,1.2637,-0.93635,-3.3887,-3.5334,1.0491,-0.25679,6.086,-1.5154,2.9551,-1.6241,-1.9638,0.021853,-3.4642,-0.72003,1.4391,1.1997,-3.5411,0.26003,2.5624,-0.82844,-1.9503,-1.0977,-5.6528,-2.7969,1.4036,-0.72325,2.3361,-3.0319,-2.0346,2.3495,2.2215,-2.3671,0.48788,-3.1411,-0.67827,-3.489,0.22797,0.25691,-1.8435,2.1084,5.4132,-1.3989,-0.0065151,-0.48687,-0.92706,-1.0244,-2.2348,2.7543,3.335,0.54638,-2.5933,-0.54248,-2.9309,-4.2442,-2.6097,-0.88783,2.6824,-1.3021,3.4993,0.96138,-3.8947,-4.8478,6.1041,0.73296,-0.80273,0.41099,-0.7105,-1.6481,-0.70213,-2.2005,0.6225
1.445,-0.63956,-0.70024,-3.0835,1.1287,2.5398,1.4088,2.3036,-2.6274,0.10935,0.26271,1.5193,-0.60016,2.6832,-0.37016,2.7108,0.57397,3.9856,-0.54671,2.743,2.0767,0.38574,-2.0915,-0.1285,-0.11825,1.0655,-0.62274,-0.18717,0.70983,-0.84572,1.4096,-0.26072,-1.655,0.30175,-0.088717,-1.5154,4.5408,-1.6013,-2.1348,-0.66874,1.7908,-1.6085,-2.3033,-0.69875,-0.45717,2.6616,1.7784,-0.52252,0.6982,-1.4486,1.6907,2.284,-0.53283,2.6269,-2.1878,-2.0192,3.3967,1.2058,0.65602,-0.47119,2.3337,-2.0312,2.6841,2.4448,1.855,-2.3964,-1.7926,0.49374,0.042274,-0.43039,2.9759,-0.59271,1.7719,0.36772,0.026441,2.396,-3.4117,-1.1588,-1.1605,-1.6129,-1.8909,2.3193,-0.72925,-2.0021,1.6755,-1.1878,0.80434,0.20499,0.19636,-0.29659,4.5769,-0.77019,0.23329,1.7149,1.0351,-0.78272,-1.2847,1.2281,-2.6828,-3.3214
-5.5058,-3.3976,1.687,0.37361,0.69469,0.64776,3.4446,-1.2109,3.4943,0.81412,-1.6122,5.2703,-2.4557,1.0476,6.8136,0.74564,-0.77116,-5.6448,-1.0909,0.034759,-1.0292,0.94586,2.3834,2.0268,1.5412,2.9447,0.56707,-1.3049,-0.67734,-4.7321,-3.2994,2.3466,-2.2333,1.7111,-1.2886,2.9551,-1.6013,10.249,1.6532,7.017,-2.1941,-1.5776,-5.4006,-1.1456,-2.8259,3.1981,2.1638,0.58613,0.90263,-1.1027,-2.669,-2.4279,1.3718,1.5471,-1.7396,-1.2087,-0.098191,0.11342,3.4774,-0.0028757,-3.993,-3.2815,-3.1705,1.9049,0.90606,-1.5954,-5.2085,-1.3777,0.48451,-0.53667,2.2212,-1.0639,-0.85677,-0.88529,-4.3032,-4.2991,0.49543,1.7838,-1.2115,-2.9097,2.7253,-0.2555,-2.4202,0.10046,-3.3466,5.8699,-1.8467,6.1061,6.8177,-0.39344,-0.85537,4.5654,-1.2052,-0.7773,-1.6866,-3.3976,2.178,2.5922,2.9764,-0.94919
-0.83789,-0.35222,0.55241,-2.3098,0.56916,-1.1184,-0.86336,-0.25345,0.18763,1.5872,-0.97488,-4.326,-1.4406,-3.1118,0.58581,0.28494,0.022352,-3.9465,-2.1398,-1.5621,-2.6319,0.79268,3.1862,-1.9413,0.97614,-0.42448,-0.34839,1.0437,-1.3562,-1.3879,-1.7619,2.554,3.3099,2.3975,-0.85785,-1.6241,-2.1348,1.6532,4.218,1.3975,-1.5742,3.8299,-0.14177,0.57548,-1.2363,0.49564,-0.8327,-2.0255,-0.9999,-0.1028,-0.51675,1.1535,-0.042691,0.40091,0.05005,-1.3483,-3.0493,-0.922,-0.74756,-2.767,-0.33456,0.76804,-1.9471,0.33436,-1.8942,1.4614,0.3237,1.5374,-2.8984,-4.8924,1.8176,0.81447,0.27901,1.0291,-0.79516,-1.8026,1.8664,-0.80012,0.50462,1.8454,1.1565,-1.7202,1.0912,1.997,-2.176,1.1572,-0.48481,-1.6873,-0.50057,2.6169,0.017145,-0.041959,-0.76896,-0.50148,-1.1904,1.0637,1.6503,1.7584,3.551,1.8493
1.0568,2.3145,1.7339,0.90091,3.4344,-0.64782,1.2932,-0.55019,3.1029,5.0194,-1.0947,6.1075,-2.2064,0.17403,6.8775,0.94918,0.075628,-5.4835,0.99935,1.0591,-0.80314,-0.75691,3.6407,1.4116,-4.6445,-1.6621,0.25307,-3.7497,-1.0105,-5.6974,-1.2915,4.5831,0.095399,-1.4304,0.84894,-1.9638,-0.66874,7.017,1.3975,9.9627,-2.7721,-0.52805,-3.167,-3.9022,-3.5257,5.4179,1.6721,-0.82851,3.5692,2.4566,-3.0895,1.1899,4.4144,-1.0765,0.68283,-0.93017,4.2174,2.6757,1.5599,1.6535,-2.0845,-3.2831,0.24895,1.6888,6.0337,-2.8117,-5.8086,-0.92722,0.1755,-2.0914,0.86009,-0.60134,-1.9318,-1.0722,-2.3128,-1.7491,-2.6226,-1.2543,-1.8798,0.94353,3.1723,3.0542,1.6622,3.0995,-0.6066,2.6344,0.62808,4.0343,5.5463,1.9466,3.0619,-1.8223,-3.1484,-0.17101,-2.4024,-2.5418,4.4998,1.1645,4.6464,-2.2609
-0.58892,0.87663,-0.26661,-0.73564,0.20664,0.67827,1.0551,-0.052777,-1.3466,-1.8265,0.14234,0.98425,0.39824,2.3947,-1.2128,0.28025,0.6402,2.1943,0.10547,0.53944,1.1444,0.58004,-3.0862,-0.84257,1.9048,0.32166,-1.365,1.0778,-0.57157,1.3835,0.61032,-1.1166,-2.2072,-0.18221,-1.081,0.021853,1.7908,-2.1941,-1.5742,-2.7721,2.2357,-1.0161,0.38953,0.16973,0.93229,0.15119,0.60026,0.23738,-0.88974,-1.5836,1.4888,1.496,-0.70948,-0.089655,-1.1208,-0.67002,0.6031,-0.52483,-0.20156,-1.3276,1.5798,-0.24583,0.90709,0.032479,-0.10982,1.1632,0.3506,-0.45693,0.71684,0.81393,0.05138,-1.2963,0.71773,0.11893,-0.8626,0.13315,0.043076,-0.96247,0.25445,-3.2858,-0.31171,0.8164,-0.32107,-2.004,1.0348,-1.735,-1.3337,-1.3143,0.85802,-0.93518,0.074433,0.19396,0.9487,-1.0484,2.5931,-0.31003,-2.3153,-1.9333,-1.898,-0.46213
4.6754,1.1436,-0.30494,-4.2443,0.56891,-0.57635,-3.1716,-0.412,-2.4026,0.25108,-0.96938,-4.5163,0.01016,-2.964,-2.3118,0.96325,-0.75904,-3.5975,1.9149,-1.9867,-1.5951,-0.76867,2.6522,-1.7958,2.527,-1.5424,-1.3071,1.4524,1.6472,-0.84847,-1.2236,2.3838,3.2016,1.2791,-1.6155,-3.4642,-1.6085,-1.5776,3.8299,-0.52805,-1.0161,7.3763,-0.26949,1.9332,0.59456,0.87036,-1.2247,-3.0693,-2.9099,1.786,0.90091,1.4237,1.3848,-0.5771,-0.17583,-3.5921,-2.2925,1.7261,-5.0071,-4.4747,-0.38729,-0.24287,1.9702,-1.8804,-3.1242,1.934,3.1445,3.2594,-2.9353,-7.37,1.2695,-0.68963,2.8494,1.76,3.1361,2.2032,1.791,-0.31937,3.1324,1.8347,0.53801,-0.48017,4.1715,1.8326,-4.1295,0.040582,0.77884,-4.0939,-2.745,1.6966,-1.2042,-3.2261,2.2575,0.27985,-1.7954,1.1389,-1.003,5.1078,1.8399,4.9387
0.76341,4.3223,-0.052682,4.1622,-0.59612,-3.2296,-2.2774,-1.1537,1.1587,0.56009,1.1636,-3.421,1.7475,-2.1372,-2.8551,-3.4152,1.0216,1.144,-0.22626,-1.6379,-1.0418,-0.43005,-0.62834,-1.6192,-3.1983,-3.6202,0.13999,0.29894,-2.3411,4.0761,1.627,-1.2653,2.4372,-2.2055,1.7281,-0.72003,-2.3033,-5.4006,-0.14177,-3.167,0.38953,-0.26949,6.8118,-0.36635,1.5022,-4.1528,-2.6732,0.70209,0.55395,1.44,-0.18919,0.95339,-0.53156,-3.9857,3.7144,4.1376,-1.5613,-2.1631,-0.87394,1.8477,1.7638,4.5304,-1.1755,-2.3593,0.33627,3.035,3.2803,-0.95292,0.30714,2.8513,-4.7218,1.6389,-2.8737,-0.39919,0.66721,-0.90812,1.7774,-1.7016,0.096791,2.9738,0.34244,-1.1282,1.4547,1.8138,3.4671,-4.0196,-0.11674,-3.743,-3.1404,1.1276,-1.8141,-2.2972,-1.4516,-1.9005,1.6044,2.9126,0.99077,-6.6423,0.9756,1.0248
-1.3906,-3.944,-1.9554,-1.1708,-2.3285,0.99228,-0.02258,0.91314,-0.5846,-2.121,1.3142,-3.9463,1.6688,-1.0299,-3.0593,0.14582,0.16531,1.733,0.34214,-1.3987,0.50547,0.36899,-0.46971,0.27802,4.0431,3.2125,1.9386,1.52,3.1464,2.7226,-0.51085,-1.5747,2.7084,1.1484,-0.92949,1.4391,-0.69875,-1.1456,0.57548,-3.9022,0.16973,1.9332,-0.36635,3.7646,1.1089,-2.3326,-1.2409,1.1837,-2.6661,-0.70665,2.1858,-1.3472,-0.74562,0.71213,-0.48277,-0.41477,-2.5681,-0.82502,-0.35008,-2.0605,-1.3243,1.2339,-0.72262,-0.82058,-3.6555,0.51084,3.504,1.4562,-0.62867,-0.57538,0.60953,0.85923,1.1632,0.81553,1.6981,1.4664,0.53609,3.3657,0.13827,1.0303,-1.4907,-2.0663,-1.008,-0.50288,-2.5112,1.3778,-0.16019,-0.38448,-2.9565,0.64086,-1.7448,1.0647,3.3879,2.2834,-1.368,0.32948,-1.0127,3.3148,-1.7005,1.9868
1.7336,0.60714,-0.032815,0.72601,-1.4632,-0.21442,-1.7605,-1.1519,-1.3692,-2.9259,-0.2601,-0.23402,1.2647,0.30469,-2.7067,-1.0975,-1.1651,0.91416,1.9138,-0.70327,0.43751,-0.81579,-1.453,0.28107,1.6086,-0.77454,-1.0665,1.165,0.82271,1.779,0.53307,-2.1573,-2.1692,-0.5325,-0.33386,1.1997,-0.45717,-2.8259,-1.2363,-3.5257,0.93229,0.59456,1.5022,1.1089,2.4101,-2.3705,-0.55531,0.11404,-1.5899,0.32724,0.30829,-1.9695,-1.1414,-0.64651,0.089915,0.37843,-1.4164,0.20219,-2.3934,0.24411,0.10241,0.56735,1.1911,-2.3303,-2.6682,1.5403,2.6951,0.0071291,0.95688,1.4835,-2.0593,-0.96583,1.2087,0.05769,2.2394,1.3442,2.1234,0.55796,2.61,-1.268,-0.70179,-0.74291,0.5335,-1.4401,-0.36796,-1.2186,0.12245,-1.6285,-1.8297,-2.807,-3.5069,0.26334,1.6568,-1.0313,1.0251,0.73549,-3.0723,-0.37603,-2.2317,2.6129
2.0505,2.0926,0.56142,-3.5089,3.8006,1.3691,2.0457,0.63941,-0.68339,2.661,-0.93979,4.8402,-1.8539,2.5634,3.8329,3.0335,0.82166,-2.2012,1.1575,1.8491,0.77868,0.076643,0.28246,-0.34651,-0.4703,-0.38821,-1.562,-1.5626,-0.12829,-4.3287,-0.67722,3.8147,-1.1239,-0.33206,-1.2984,-3.5411,2.6616,3.1981,0.49564,5.4179,0.15119,0.87036,-4.1528,-2.3326,-2.3705,6.5899,2.4345,-1.7813,1.1163,0.23053,0.20961,4.1471,3.4394,0.35514,-1.9291,-4.144,4.6696,2.8569,-0.103,-2.4041,0.34923,-4.2347,2.7419,2.2171,4.4662,-1.7824,-4.3425,0.45248,-0.51063,-4.524,3.2991,-2.2249,1.0909,0.17793,-1.916,0.43843,-3.2528,-2.2005,-1.0247,-2.4968,1.7333,4.1098,2.0339,0.46723,-0.90324,0.6754,-0.31476,1.0597,4.8315,1.7015,4.5544,-2.5791,-0.45468,0.14404,-0.056675,-2.6648,0.81007,2.425,1.7051,-2.093
-0.29152,-0.22243,0.90047,-1.4395,0.98645,1.236,1.2982,-0.12337,-0.79117,-0.52397,-1.1968,3.5078,-1.3608,2.2463,2.0013,1.3524,-0.57008,-0.50343,-0.12713,1.4115,0.56482,0.27267,-0.72015,0.38599,0.73806,0.45656,-1.5221,-0.14263,-0.61592,-2.3694,-0.37037,0.45909,-3.5513,0.64279,-0.8303,0.26003,1.7784,2.1638,-0.8327,1.6721,0.60026,-1.2247,-2.6732,-1.2409,-0.55531,2.4345,1.9319,-0.67893,0.37157,-1.1181,-0.47205,0.079719,-0.16968,1.6295,-1.9547,-1.7361,1.4821,0.90833,0.4301,-0.27176,0.25388,-2.535,0.91295,1.2284,0.74199,-0.94172,-2.6586,-0.47756,0.50939,-0.33264,1.6926,-1.6303,1.1545,-0.15641,-1.3033,-0.37557,-0.45501,-0.86724,0.33566,-3.2755,0.28912,1.2834,-0.64085,-1.6497,-0.19798,0.68383,-0.46683,1.4082,2.89,-1.6811,0.91075,1.2525,-0.41523,-0.77894,0.97129,-1.4553,-1.2352,0.73535,-0.63614,-1.1767
-3.2892,-1.8918,-1.5984,3.6386,-1.4033,0.23615,2.1895,0.4933,2.7609,-0.38686,2.4308,1.4338,2.1651,1.0892,0.016343,-1.242,1.4185,2.6561,0.91198,-0.35858,1.6617,0.14292,-1.8149,1.8505,0.037716,2.6456,3.2106,-1.1117,1.9192,2.9703,0.40793,-1.8245,1.5183,-1.9673,0.71527,2.5624,-0.52252,0.58613,-2.0255,-0.82851,0.23738,-3.0693,0.70209,1.1837,0.11404,-1.7813,-0.67893,3.7049,0.51648,0.012392,0.97544,-1.072,1.0829,-1.6731,1.2348,2.6547,1.0347,-1.0362,2.9346,1.7104,-1.7644,1.2411,-1.5149,-0.2375,1.5749,-0.78049,0.65029,-1.4332,2.0857,4.5421,-2.0007,1.0672,-2.4504,-1.0141,-0.78043,-0.29253,-1.705,3.0877,-2.7706,0.65645,-0.21588,-0.11194,-2.0534,0.13981,0.71214,1.0036,-0.70643,2.7777,0.48959,0.86054,-0.58757,0.83313,1.2759,1.6941,-0.63377,-1.1277,1.4667,-1.5469,-1.177,-1.5308
0.50751,1.4881,0.4523,2.2449,1.2503,-0.50089,0.48712,0.79811,1.689,3.1895,0.50848,2.1524,-0.59147,-0.029681,2.3517,-0.15232,0.63109,0.6686,-0.78944,1.5001,0.18747,-0.37799,0.96435,0.7753,-5.2477,-1.3813,1.0839,-2.4289,-1.1861,-1.238,1.1315,0.82104,0.6253,-1.6001,2.2872,-0.82844,0.6982,0.90263,-0.9999,3.5692,-0.88974,-2.9099,0.55395,-2.6661,-1.5899,1.1163,0.37157,0.51648,3.4194,1.1462,-1.4521,0.73731,0.95304,-0.40064,1.4697,1.9986,3.0311,0.42684,2.2212,3.4695,0.57451,0.024009,-0.10377,1.5056,4.3638,-2.3589,-2.7642,-1.1918,0.66384,2.1355,-0.57034,1.2946,-2.3201,-0.96865,-0.87334,-0.39622,-2.6622,-1.1925,-2.4225,2.3765,0.15796,1.4866,-0.28959,1.4762,3.0263,-0.53569,1.2979,1.92,0.83222,1.08,3.2441,-1.2463,-2.9978,0.66489,-0.6224,-0.10947,3.0994,-2.296,1.1509,-3.5139
5.3818,3.1266,-0.30363,2.0971,0.65477,-1.2931,-2.4892,-0.4748,0.8664,2.1202,0.66657,1.2326,1.4425,-1.4853,-0.20836,-0.88625,-0.3064,-1.2984,4.0358,-0.55952,0.23132,-2.2912,1.8219,1.2768,-3.6759,-2.8013,0.99398,-2.2406,2.0667,-0.21387,0.79897,1.0241,2.1397,-3.1655,1.6247,-1.9503,-1.4486,-1.1027,-0.1028,2.4566,-1.5836,1.786,1.44,-0.70665,0.32724,0.23053,-1.1181,0.012392,1.1462,4.2177,-0.82384,-0.20911,3.3147,-3.11,2.6346,0.79574,2.239,2.7029,-2.3357,1.9539,-1.2462,0.0364,2.4324,-2.1149,2.462,-0.86453,1.1261,0.39802,0.62695,-0.3193,-2.7721,0.23808,-0.86893,-0.46411,3.2475,2.5822,-1.3206,0.43637,0.52893,3.7628,0.6725,1.628,3.382,2.8295,-0.24476,-0.60307,2.2613,-0.2373,-1.5164,0.81397,-0.3481,-4.4017,0.23899,1.0402,-2.3909,0.14185,1.601,1.0137,1.0978,1.4464
-0.23475,-1.2517,-2.2548,-1.9163,-0.18716,1.3559,1.2645,1.8111,-1.0942,-0.47685,1.9103,-2.0524,1.5458,0.91859,-2.4732,1.1649,1.7903,3.4085,0.5265,-0.00863,1.6403,0.59815,-2.1296,-0.6512,2.4154,2.2707,1.3043,0.68171,2.3164,2.5814,0.57376,-0.51822,2.7214,-0.20921,-0.88049,-1.0977,1.6907,-2.669,-0.51675,-3.0895,1.4888,0.90091,-0.18919,2.1858,0.30829,0.20961,-0.47205,0.97544,-1.4521,-0.82384,3.2702,2.5358,0.73987,-0.15339,-0.61981,-1.1693,0.88156,-0.19105,0.14253,-2.6572,0.64182,0.47034,0.98298,0.43218,0.089045,0.011536,1.9425,1.1313,-0.4074,-1.0909,1.2173,0.28727,0.6774,0.72998,0.46169,2.0096,-2.1539,1.1682,-1.4995,0.14085,-1.1763,0.66509,0.012294,-0.36849,-0.32345,-0.6813,-0.44867,-1.1755,-1.4033,2.254,1.9179,-1.5345,2.7232,2.309,0.051114,-0.29179,-0.466,1.3367,-1.6648,-0.55915
