"","V1","V2","V3","V4","V5","V6","V7","V8","V9","V10","V11","V12","V13","V14","V15","V16","V17","V18","V19","V20","V21","V22","V23","V24","V25","V26","V27","V28","V29","V30","V31","V32","V33","V34","V35","V36","V37","V38","V39","V40","V41","V42","V43","V44","V45","V46","V47","V48","V49","V50","V51","V52","V53","V54","V55","V56","V57","V58","V59","V60","V61","V62","V63","V64","V65","V66","V67","V68","V69","V70","V71","V72","V73","V74","V75","V76","V77","V78","V79","V80","V81","V82","V83","V84","V85","V86","V87","V88","V89","V90","V91","V92","V93","V94","V95","V96","V97","V98","V99","V100"
"1",0.00555239930237793,0.00738923434763616,-0.002721437673979,0.00475119490994603,0.00726539422574616,-0.00127442986231369,0.00322257756491713,0.00541202393732437,0.00656852608084476,0.0155428111635342,0.00582590350120103,0.00539609015127821,0.00115395959463421,-0.000459950425572913,0.00669996038600582,0.0016717938381088,0.00682909368376568,0.00284617515735965,0.00216336561210167,0.00370241596312342,0.00269885835161647,-0.0017696213100365,0.00323525944514348,0.00151288887054394,-0.0170760264296607,-0.00338380569978997,0.00734432075678045,-0.0102410353178035,0.00146745824883611,-0.00192736086409739,0.00382479606427065,0.00713408396427127,0.0126412554552175,-0.00891478730479166,0.00656701268609379,-0.00957190776066324,0.00287278957796475,0.00094853878002537,-0.00123625221902216,0.0138725345774202,-0.00313412969922226,-0.00398928367106659,0.00140805284525085,-0.00656353626727157,-0.00717375766593844,0.00828715912249095,-0.000526850963618531,0.00271653667994347,0.0104377159385594,0.00722022895090917,0.000217182538720579,0.0107597478424945,0.0115904369233606,-0.00649396882715717,0.00668065723060302,0.0033746858805528,0.0152955040967859,0.00421413777725606,0.00617365321489408,0.00573275665297318,0.000738236020796623,-0.000109515766668287,0.00295517495035421,0.0048998872010458,0.020411975116668,-0.0084263495015152,-0.00689451496450315,-0.00106780512566557,0.000558142046709848,0.000119756246092105,-0.000768040143145751,0.00483787644636899,-0.00868791684702593,-0.0021478000162884,-0.00172611840476815,0.00281795276370899,-0.0154851591578166,-0.00241749086633457,-0.0122819525665443,0.0124878599635774,0.00199293173563047,0.0093478595712731,0.00437240353370484,0.0100509021549757,0.00753073330326276,-0.00207109948030331,0.00438812157627898,0.00446264512396259,0.00242139697349735,0.0131018397490806,0.0164936681501891,-0.0135172411239108,-0.00553540579177693,0.00736109552790083,-0.00559154391380245,-0.00222323515029493,0.0146204618974018,-0.00330978160491219,0.00652865213525777,-0.0117805676706107
"2",0.00738923434763616,0.00983372795629127,-0.00362173893489692,0.00632297691663705,0.00966891926144593,-0.00169603452479156,0.00428866504979374,0.00720242024934689,0.0087415144132619,0.0206846568220018,0.00775321872810045,0.00718121527601405,0.00153571049344445,-0.000612110422497475,0.00891642958583205,0.0022248537574431,0.00908828253574904,0.00378774185479486,0.00287904644764839,0.00492724274931585,0.00359168996052362,-0.00235504434287183,0.00430554232749979,0.00201338012588398,-0.0227250876861743,-0.00450323039481448,0.0097739561297073,-0.0136289567454668,0.00195292022520389,-0.00256496702086589,0.00509010842190481,0.00949416916847769,0.0168232135190514,-0.0118639616798139,0.00873950035990112,-0.0127384695778646,0.00382316081156792,0.00126233272351767,-0.00164522702018706,0.01846182225121,-0.00417095701555929,-0.00530901153166071,0.00187386242969926,-0.00873487387827237,-0.00954696765487823,0.0110287026377968,-0.000701142879761546,0.00361521660256947,0.0138907029058666,0.00960881248922532,0.000289030487078555,0.0143192688421407,0.0154247650347351,-0.00864229225905231,0.0088907405942534,0.00449109357289632,0.0203555360631171,0.00560825148076716,0.00821601039506519,0.00762925720213373,0.000982457972573483,-0.000145745581432957,0.00393280076904401,0.00652085933192959,0.0271646290947739,-0.011213939735047,-0.00917534637038439,-0.00142105455343797,0.000742785624341185,0.00015937379838456,-0.00102212184265376,0.00643833428763306,-0.0115620383332224,-0.0028583314685986,-0.00229714988241882,0.0037501829781401,-0.0206079324803868,-0.00321724097489994,-0.0163450466759262,0.0166190719986255,0.00265222993366273,0.0124403021575463,0.00581887443850457,0.013375924061598,0.0100220373494257,-0.00275625699518305,0.00583979229648656,0.00593896959413077,0.00322243929361603,0.0174361675050404,0.0219500746572197,-0.0179889912375907,-0.00736661907352105,0.00979628030132863,-0.00744132871108352,-0.00295872192196187,0.0194571775816483,-0.00440471777808151,0.00868844943859754,-0.0156777945039089
"3",-0.002721437673979,-0.00362173893489692,0.00133387795257815,-0.00232873756374236,-0.00356104027925138,0.000624645536328588,-0.00157950527598565,-0.00265263447987303,-0.00321947924949649,-0.00761811057822658,-0.00285549226734188,-0.00264482473794461,-0.000565598571727744,0.000225438832502684,-0.00328390009717677,-0.000819408419024677,-0.00334719313543832,-0.00139501643850873,-0.00106034605199282,-0.00181469194452029,-0.00132281098581587,0.000867357306191378,-0.00158572113776815,-0.000741523176670404,0.00836959647834356,0.00165852918915421,-0.00359972511139974,0.00501951279377259,-0.000719255937097949,0.000944671335986407,-0.00187467498962744,-0.00349668023000118,-0.00619595006927685,0.00436946925203657,-0.00321873747836898,0.00469154845916155,-0.00140806115719005,-0.000464914180449087,0.000605933251584799,-0.00679944582090828,0.00153615368313786,0.00195529649137091,-0.000690139136495078,0.00321703355603954,0.00351612578866931,-0.00406184530650503,0.000258229277629503,-0.00133147579288432,-0.00511591329055195,-0.00353890309606205,-0.000106449250282028,-0.00527375311940156,-0.00568090477347368,0.0031829359628912,-0.00327443890184859,-0.00165405922611656,-0.00749689617489616,-0.00206550586256488,-0.00302593735250612,-0.00280983752816073,-0.000361836966304611,5.36777557006981e-05,-0.00144844129629666,-0.00240161719303269,-0.0100046691632988,0.00413006769482818,0.00337925854146967,0.000523371058023441,-0.00027356620275804,-5.86969960301264e-05,0.00037644507659777,-0.00237122341283444,0.0042582715918445,0.00105271677380924,0.000846034912235647,-0.00138118359235556,0.00758985318321665,0.00118490230292432,0.0060198423428052,-0.00612076522625072,-0.000976810062037562,-0.00458173409780394,-0.00214307780374642,-0.00492632144995643,-0.00369109284258616,0.00101512298473236,-0.00215078180176474,-0.00218730856780225,-0.00118681683151142,-0.00642169958423433,-0.00808416099807674,0.00662530326792499,0.00271310852158123,-0.00360794705143202,0.00274062390581544,0.00108969034225182,-0.00716603285385535,0.00162224722353688,-0.00319993554382602,0.00577409493332522
"4",0.00475119490994603,0.00632297691663705,-0.00232873756374236,0.0040656033262286,0.00621700677206929,-0.00109053120014528,0.00275756358459004,0.00463107553747246,0.00562069584364938,0.013300002623156,0.00498523278916352,0.00461744097716152,0.000987444643968849,-0.000393580144690536,0.00573316434017953,0.00143055604280836,0.0058436638618473,0.002435475581641,0.00185119461422159,0.00316816189191603,0.00230941640983455,-0.00151426713081976,0.00276841548509262,0.00129458086668298,-0.0146119768115311,-0.00289552669783729,0.00628454430171872,-0.00876326651321479,0.00125570582782878,-0.00164924506117687,0.00327288269493904,0.00610464441987391,0.0108171378359684,-0.00762839445780454,0.0056194008299002,-0.00819069323985024,0.00245824957407631,0.000811665800334798,-0.00105786254383975,0.0118707448947451,-0.00268187863716469,-0.00341363494231854,0.00120487255093951,-0.00561642605403962,-0.00613859325517095,0.00709133225051539,-0.000450827017353109,0.00232454377712019,0.00893156636222244,0.00617835879085874,0.000185843365417982,0.00920712945837101,0.00991795112623424,-0.00555689710999773,0.00571664660636734,0.00288772285730286,0.0130883816620654,0.00360604287745216,0.00528280264674311,0.0049055269166071,0.000631709470686945,-9.37127761921517e-05,0.00252874683852614,0.0041928395025459,0.0174665522046881,-0.00721043762898669,-0.00589964493221249,-0.000913722158941948,0.00047760283562801,0.000102475567026199,-0.000657212894826477,0.0041397768235242,-0.00743426112814794,-0.00183787511474564,-0.00147704164129304,0.00241132564469355,-0.013250669730978,-0.00206864990672604,-0.0105096819123532,0.010685877125166,0.00170535413656978,0.00799897492871271,0.00374147107983958,0.00860056933200653,0.00644405774694546,-0.00177224237179677,0.00375492102819624,0.00381869091957885,0.00207199236742795,0.0112112603825342,0.014113652115754,-0.0115667198497293,-0.00473665354203054,0.0062988984939917,-0.00478469100207188,-0.0019024250516656,0.0125107472220605,-0.00283218418883473,0.00558657565938395,-0.0100806462404296
"5",0.00726539422574616,0.00966891926144593,-0.00356104027925138,0.00621700677206929,0.00950687268347197,-0.00166760977705744,0.00421678902346609,0.00708171104462833,0.00859501070807248,0.0203379916194143,0.00762327839772847,0.00706086145676017,0.00150997270171279,-0.00060185173725812,0.00876699438391748,0.00218756624597078,0.00893596715853299,0.00372426106762295,0.0028307949717539,0.00484466445852823,0.00353149491167602,-0.0023155748978987,0.00423338344586806,0.00197963681386138,-0.0223442258138049,-0.00442775835336123,0.00961014918280247,-0.0134005417859207,0.00192019019292279,-0.00252197936970153,0.00500480057839276,0.00933505132057173,0.0165412643055381,-0.0116651272145088,0.00859303040930683,-0.0125249787679921,0.00375908641919719,0.0012411766157274,-0.00161765378253736,0.0181524107194682,-0.00410105372099534,-0.00522003497410889,0.00184245736920429,-0.00858848146535273,-0.0093869649289614,0.0108438667245346,-0.000689392052056405,0.00355462725817221,0.0136579012027306,0.00944777327272455,0.000284186470896934,0.0140792845737633,0.0151662531656891,-0.00849745147089779,0.00874173592785829,0.00441582493891873,0.0200143867709716,0.00551425980121105,0.00807831389216568,0.00750139440913073,0.000965992435096758,-0.000143302953452784,0.00386688886211371,0.00641157277035882,0.0267093625786605,-0.0110259993344154,-0.0090215718438998,-0.00139723834179401,0.000730336883655896,0.000156702767843441,-0.0010049915572107,0.0063304308073213,-0.0113682639624121,-0.00281042716609309,-0.00225865072160531,0.00368733166022632,-0.0202625531419864,-0.00316332151643689,-0.0160711113157231,0.0163405441017986,0.00260777979677268,0.0122318084945957,0.00572135281639529,0.0131517498118383,0.00985407267696458,-0.00271006341325222,0.005741920100832,0.00583943523321644,0.0031684327137554,0.017143945468557,0.0215822016418085,-0.0176875041331448,-0.00724315797307917,0.00963209921171773,-0.00731661551195498,-0.00290913512227245,0.0191310843587262,-0.00433089676214592,0.00854283507763803,-0.0154150419789533
"6",-0.00127442986231369,-0.00169603452479156,0.000624645536328588,-0.00109053120014528,-0.00166760977705744,0.000292517051729566,-0.000739671060867982,-0.00124220981699367,-0.00150765918172163,-0.0035675068762845,-0.00133720667274572,-0.00123855257052218,-0.000264865779137212,0.00010557139816709,-0.00153782700545109,-0.000383723121282974,-0.00156746668406962,-0.000653276253449757,-0.000496552497221181,-0.000849807301159088,-0.0006194629546873,0.000406177243328183,-0.000742581904629492,-0.000347250017511798,0.00391942236616471,0.000776677396064206,-0.00168572560817857,0.00235060205854223,-0.000336822427957289,0.000442382852329889,-0.000877896933579472,-0.00163747042479937,-0.00290151924815014,0.00204619130193604,-0.00150731181559051,0.00219701869861504,-0.000659385002215862,-0.00021771599645386,0.000283754222178987,-0.00318413200647725,0.00071936981897942,0.000915651408116539,-0.000323187237800949,0.00150651388091044,0.0016465766413014,-0.00190213320121351,0.000120926929865553,-0.00062352062206833,-0.00239574572397032,-0.00165724309198002,-4.98494250584727e-05,-0.00246966099062212,-0.00266032720774745,0.00149054622111181,-0.00153339639512527,-0.000774584144238862,-0.00351074303531034,-0.000967261670993165,-0.00141702489107013,-0.00131582688384777,-0.000169445671880247,2.51369103400883e-05,-0.000678294733500137,-0.0011246602110023,-0.00468511524852775,0.00193408125932584,0.00158248268512828,0.000245090935498283,-0.000128109102570357,-2.74873848055204e-05,0.000176286545793172,-0.0011104270204047,0.00199411823036686,0.00049297976063492,0.000396192118240431,-0.000646798430206935,0.00355427413964086,0.000554881301603777,0.00281904925526895,-0.0028663107221339,-0.000457433188631152,-0.00214559341602885,-0.00100358805805859,-0.00230696121656961,-0.00172851246535673,0.000475374857206415,-0.00100719578541081,-0.0010243010095565,-0.000555777861692947,-0.00300723613669604,-0.00378575496554993,0.00310258229033146,0.00127052937962215,-0.00168957588408364,0.00128341463790912,0.000510294219161774,-0.0033558021007042,0.000759686810210162,-0.00149850700367807,0.00270396749527787
"7",0.00322257756491713,0.00428866504979374,-0.00157950527598565,0.00275756358459004,0.00421678902346609,-0.000739671060867982,0.00187036371059618,0.00314110458765937,0.00381233114369816,0.00902094965142322,0.0033813176783417,0.00313185671864992,0.000669750876687933,-0.000266952328480872,0.00388861478613921,0.000970298608305927,0.00396356293838512,0.00165190212526746,0.00125560376813791,0.00214885889306318,0.00156640037957711,-0.00102707705652232,0.00187772419396071,0.000878071166520703,-0.00991081812984689,-0.00196393950404679,0.00426259748469814,-0.00594383236136199,0.000851703519976768,-0.00111862809965406,0.00221988753255249,0.0041405773751988,0.00733690500337816,-0.00517408637237708,0.00381145277892184,-0.0055554749439146,0.00166734896726756,0.000550525930412553,-0.00071751299728995,0.00805153164661366,-0.0018190291267288,-0.00231535510296669,0.000817224998097635,-0.00380943508734516,-0.00416360374163017,0.00480981493056529,-0.000305780979167857,0.00157666076993258,0.00605798455420418,0.00419057538257382,0.000126051376829642,0.00624488984186318,0.0067270165495505,-0.00376905858350377,0.00387741135638831,0.00195864641843294,0.00887741418836545,0.00244585900921049,0.00358314942071542,0.00332725583462429,0.000428467534244885,-6.35622608263736e-05,0.00171516491822518,0.00284386365331331,0.0118469817252606,-0.0048906001493992,-0.00400153303745246,-0.000619747365827897,0.000323942126603497,6.95057705503694e-05,-0.000445765659036308,0.00280787300207908,-0.00504241218838509,-0.00124656959441937,-0.00100182824445175,0.00163552202584487,-0.00898748879061693,-0.00140309646424482,-0.00712836787105195,0.00724787522670002,0.00115668502027647,0.0054254387867024,0.00253771545689214,0.00583348027184037,0.00437079015193943,-0.00120205308668607,0.00254683810975,0.0025900911071921,0.00140536354422654,0.00760422522502014,0.00957282105435469,-0.00784532156518973,-0.00321271463845424,0.00427233345614494,-0.00324529685070589,-0.00129035167081864,0.00848562394983276,-0.00192097638586574,0.00378918855695763,-0.006837367237086
"8",0.00541202393732437,0.00720242024934689,-0.00265263447987303,0.00463107553747246,0.00708171104462833,-0.00124220981699367,0.00314110458765937,0.00527519753228625,0.00640246107070264,0.015149858914926,0.00567861342240614,0.00525966658308793,0.00112478527007069,-0.000448321991560848,0.00653057246308983,0.00162952766495761,0.0066564410219816,0.00277421835905272,0.00210867155625215,0.00360881174554112,0.0026306260063358,-0.00172488186968384,0.00315346584548999,0.00147464012150366,-0.0166443115415219,-0.00329825656427031,0.00715864216070722,-0.00998212218980725,0.00143035807354918,-0.0018786334635353,0.00372809784165768,0.00695372055986365,0.0123216601320746,-0.00868940428492328,0.00640098593749035,-0.00932991146807191,0.00280015991576517,0.000924557889916027,-0.00120499737816999,0.013521810142906,-0.00305489285462697,-0.00388842688445393,0.00137245455316077,-0.00639759740924204,-0.00699239123382132,0.00807764375377846,-0.000513531154952195,0.00264785739242084,0.0101738303450696,0.00703768763506394,0.000211691745192256,0.0104877206612671,0.0112974083197531,-0.00632978876821071,0.00651175732869179,0.00328936731165578,0.0149088042478854,0.00410759624509086,0.00601757135252087,0.00558782150618363,0.000719571990118815,-0.000106746996828806,0.0028804624270176,0.00477600860062283,0.0198959210106099,-0.00821331513151996,-0.00672020832654307,-0.00104080895227127,0.000544031139101837,0.000116728577178699,-0.000748622606762209,0.00471556559744423,-0.00846826954996753,-0.00209349948872739,-0.00168247880177864,0.00274670948195511,-0.0150936644631249,-0.00235637203384534,-0.0119714411135296,0.0121721427743662,0.0019425465769485,0.009111527649103,0.0042618607379188,0.00979679596010636,0.00734034183842092,-0.00201873809024887,0.00427718139805625,0.004349820846697,0.00236017938708409,0.0127705999665126,0.0160766764027362,-0.0131754991932695,-0.00539546005545218,0.00717499283325481,-0.00545017889746133,-0.00216702747703035,0.0142508284174717,-0.00322610394130501,0.00636359521537774,-0.0114827321949467
"9",0.00656852608084476,0.0087415144132619,-0.00321947924949649,0.00562069584364938,0.00859501070807248,-0.00150765918172163,0.00381233114369816,0.00640246107070264,0.00777061096024916,0.0183872511570981,0.00689208340540905,0.0063836112936043,0.00136514203694782,-0.000544124476958535,0.00792609863582005,0.00197774346357083,0.00807886420400925,0.00336704453942328,0.00255927621044955,0.00437998322734045,0.00319276775780631,-0.00209347402720393,0.00382733389412809,0.00178975780782404,-0.0202010552289321,-0.00400306512214684,0.00868838133027311,-0.0121152143274414,0.00173601307382606,-0.00228008099086125,0.00452475971807621,0.00843966977702471,0.0149546910498054,-0.0105462539215487,0.00776882060398136,-0.0113236318833247,0.00339852957973664,0.00112212781826065,-0.00146249477044483,0.0164113026129407,-0.00370769671793505,-0.00471934967394486,0.00166573607796486,-0.00776470797690644,-0.00848660403551958,0.00980376551968797,-0.0006232682677855,0.00321368134027,0.0123478888374462,0.00854157988122467,0.000256928418184773,0.0127288547667077,0.0137115655905502,-0.00768240922282128,0.00790326287189154,0.00399227631405693,0.018094685217682,0.00498535360854266,0.00730347367826296,0.00678189005139881,0.000873338225935034,-0.000129557895685973,0.00349599203474929,0.00579659983378408,0.0241475051799619,-0.00996842868331021,-0.0081562580233951,-0.0012632207150862,0.000660285831579078,0.000141672452387055,-0.00090859670507271,0.00572324068988874,-0.0102778646293433,-0.00254086200489708,-0.00204200979484491,0.00333365725607736,-0.0183190484428217,-0.00285990811196197,-0.0145296332924929,0.0147732231414923,0.00235765177717417,0.0110585813537735,0.00517258307319828,0.011890285504629,0.00890890863868217,-0.00245012474995631,0.00519117762430411,0.00527933948730039,0.00286452906326176,0.0154995653972558,0.0195121214295444,-0.0159909880446548,-0.00654842264240148,0.00870822599842535,-0.00661483442198952,-0.00263010228070392,0.0172961057116249,-0.00391549411521162,0.00772343981183732,-0.0139364915557177
"10",0.0155428111635342,0.0206846568220018,-0.00761811057822658,0.013300002623156,0.0203379916194143,-0.0035675068762845,0.00902094965142322,0.015149858914926,0.0183872511570981,0.0435089347341826,0.0163084304720952,0.0151052555256255,0.00323027489432661,-0.0012875375526766,0.0187551747292831,0.0046798464078325,0.0191166570998227,0.00796728776156957,0.00605590148607995,0.0103641595335257,0.00755490436329695,-0.0049536944940332,0.00905644999259505,0.00423502431033849,-0.0478008586497133,-0.00947227498270911,0.0205589303705472,-0.0286676929008933,0.00410785053630095,-0.00539525425374617,0.0107067377053605,0.0199704152822686,0.0353866203978331,-0.0249551316639109,0.0183830147166785,-0.0267946065649566,0.00804178941232708,0.00265524115546038,-0.00346063633833617,0.0388333355643384,-0.00877335786282036,-0.0111671872645405,0.0039415572062042,-0.0183732831901192,-0.0200814737309841,0.0231982143769582,-0.00147481198539555,0.00760439124345627,0.02921826024691,0.0202115606299068,0.000607958290374617,0.0301197229838123,0.0324450679052379,-0.0181785433081432,0.0187011394766028,0.00944674590590297,0.0428166489621147,0.0117966205458161,0.0172818849802732,0.016047684838786,0.00206654140678367,-0.000306567087137602,0.00827241048547981,0.0137162364125823,0.0571391676706782,-0.0235878494984863,-0.0192997906529416,-0.00298910300283445,0.00156240500043366,0.000335233223926483,-0.00214997197802681,0.0135426499326551,-0.0243200540170048,-0.00601232877035866,-0.00483191696961029,0.0078882849177166,-0.0433475496843569,-0.0067672733855641,-0.0343808251289721,0.034957220956248,0.00557880655583483,0.0261674292836448,0.0122396533019588,0.0281354538300301,0.0210807543336126,-0.00579762123906719,0.0122836527613431,0.0124922662572037,0.00677820773713166,0.036675932335708,0.0461706652370259,-0.0378387638927419,-0.0154952412911434,0.0206058879263059,-0.0156523885318586,-0.00622349406649601,0.0409270057896667,-0.00926505960327051,0.0182756321663065,-0.032977300214183
"11",0.00582590350120103,0.00775321872810045,-0.00285549226734188,0.00498523278916352,0.00762327839772847,-0.00133720667274572,0.0033813176783417,0.00567861342240614,0.00689208340540905,0.0163084304720952,0.00611288017249956,0.00566189475812096,0.00121080219135983,-0.000482607004430775,0.00702999199895848,0.00175414429768283,0.00716548624037923,0.0029863741621017,0.00226993027834351,0.00388479231189759,0.00283180071598853,-0.00185679062770689,0.00339462425202073,0.00158741187148685,-0.0179171699918188,-0.00355048770814223,0.00770609275030815,-0.0107454958234655,0.00153974339455364,-0.00202230023359702,0.00401320070274326,0.00748549995810101,0.0132639477828238,-0.00935391850316047,0.00689049546273811,-0.0100434078853332,0.00301429957555662,0.000995262606060788,-0.00129714844681365,0.0145558781643301,-0.003288512982144,-0.00418579076194996,0.00147741175558282,-0.00688684779990173,-0.00752712793636069,0.00869537414682209,-0.00055280297874863,0.00285034985651082,0.0109518646839669,0.00757588833831886,0.000227880677131788,0.0112897594740318,0.0121613672531328,-0.00681385355527698,0.0070097379944244,0.00354091865809186,0.0160489413706137,0.00442172089830518,0.00647775959925086,0.00601514502780561,0.000774600597696533,-0.000114910375447284,0.00310074314766174,0.00514124947531013,0.0214174433109836,-0.00884142086866783,-0.00723413009103642,-0.00112040386172356,0.000585635421195628,0.000125655287994126,-0.000805872833587357,0.00507618414893328,-0.00911587269228906,-0.00225359794087852,-0.00181114482409786,0.00295676156887354,-0.0162479386011634,-0.0025365734226406,-0.012886946086239,0.0131029962223999,0.00209110104370406,0.00980832336422418,0.00458778262665031,0.0105459969404261,0.00790168774412533,-0.0021731192330615,0.00460427492021167,0.00468246940402445,0.0025406719397242,0.0137472198790986,0.0173061254767254,-0.0141830834026371,-0.0058080729116637,0.00772369382553346,-0.00586697632689885,-0.00233274891460874,0.0153406474424076,-0.00347281727955166,0.0068502453194662,-0.0123608636016061
"12",0.00539609015127821,0.00718121527601405,-0.00264482473794461,0.00461744097716152,0.00706086145676017,-0.00123855257052218,0.00313185671864992,0.00525966658308793,0.0063836112936043,0.0151052555256255,0.00566189475812096,0.00524418135926416,0.00112147373855333,-0.000447002066376472,0.00651134550740913,0.00162473009837801,0.00663684349094674,0.00276605065649072,0.00210246332033005,0.00359818687859666,0.00262288106055621,-0.00171980356644927,0.00314418158313864,0.00147029856639171,-0.0165953082662113,-0.00328854601697247,0.00713756607643806,-0.00995273336945076,0.00142614689123047,-0.00187310249323403,0.00371712177908736,0.00693324779460821,0.0122853833715592,-0.00866382141419913,0.00638214050339885,-0.00930244285099196,0.00279191583748512,0.000921835856943553,-0.00120144969053366,0.0134819999661091,-0.00304589880550537,-0.00387697878985004,0.00136841384723238,-0.00637876195147081,-0.00697180461647427,0.00805386199508331,-0.000512019244501353,0.00264006171493305,0.010143877108006,0.00701696765851996,0.000211068493888364,0.0104568432854344,0.0112641471056255,-0.00631115294894641,0.00649258576750479,0.00327968293561123,0.0148649105586037,0.00409550288399504,0.00599985474676322,0.00557137014651213,0.000717453465465535,-0.000106432718135984,0.00287198192645854,0.00476194733628286,0.0198373445238379,-0.00818913393654541,-0.00670042305528396,-0.001037744659254,0.000542429432259205,0.000116384911260777,-0.000746418552865994,0.00470168228610147,-0.00844333773208331,-0.00208733592157997,-0.00167752533934662,0.00273862276953046,-0.0150492265184681,-0.00234943453167106,-0.0119361954487698,0.0121363062147102,0.0019368274371405,0.00908470198576599,0.00424931319970704,0.00976795276713937,0.00731873080385907,-0.00201279463153809,0.00426458875359153,0.00433701434112477,0.00235323067550781,0.0127330014617934,0.0160293443278782,-0.0131367086063046,-0.00537957503588468,0.00715386861022627,-0.0054341327776601,-0.00216064743278534,0.0142088719047855,-0.00321660582182905,0.00634485986501335,-0.0114489253603616
"13",0.00115395959463421,0.00153571049344445,-0.000565598571727744,0.000987444643968849,0.00150997270171279,-0.000264865779137212,0.000669750876687933,0.00112478527007069,0.00136514203694782,0.00323027489432661,0.00121080219135983,0.00112147373855333,0.000239828346905466,-9.55918653794662e-05,0.00139245813387186,0.000347450252525929,0.00141929601058453,0.00059152286281682,0.000449614008077065,0.000769476075350594,0.000560905893074497,-0.000367781814379098,0.000672386562013901,0.000314424905829778,-0.0035489242512323,-0.000703259049106621,0.00152637606587991,-0.00212840257344353,0.00030498302332909,-0.000400564952253192,0.000794910429801771,0.00148268238488741,0.00262724224724308,-0.00185276738653898,0.00136482750690446,-0.00198933725725391,0.000597054159170045,0.000197135574457718,-0.000256931288950614,0.00288313997349813,-0.000651368685911451,-0.000829096020881163,0.000292636750716641,-0.00136410499999593,-0.0014909278020846,0.00172232691866439,-0.000109495857790615,0.000564579994211514,0.00216927886440169,0.00150058596646482,4.51372209913461e-05,0.00223620701295271,0.00240884979003339,-0.00134964674319157,0.00138844634362215,0.000701363669769342,0.00317887686854471,0.000875827629884701,0.00128307529291352,0.00119144340727951,0.000153428183549048,-2.27607495117414e-05,0.000614176377106643,0.00101834748193463,0.00424223713903756,-0.00175125496663223,-0.0014328925677644,-0.000221922794607668,0.000115999108654482,2.48890365532925e-05,-0.00015962239817077,0.00100545973711787,-0.0018056167175722,-0.000446378997830733,-0.000358740570730181,0.000585657380137508,-0.00321829303179753,-0.000502429063225445,-0.00255256804007887,0.00259536193934162,0.000414192599007941,0.00194277314258434,0.000908720128822574,0.00208888704591125,0.00156511833473679,-0.000430438263997762,0.000911986822201332,0.000927475110811781,0.000503240872605983,0.00272296584997704,0.00342789226352511,-0.00280929905045566,-0.00115042781971375,0.00152986237999891,-0.00116209505058246,-0.000462056742156879,0.00303858230751979,-0.000687874562172884,0.00135685500289638,-0.00244836481553421
"14",-0.000459950425572913,-0.000612110422497475,0.000225438832502684,-0.000393580144690536,-0.00060185173725812,0.00010557139816709,-0.000266952328480872,-0.000448321991560848,-0.000544124476958535,-0.0012875375526766,-0.000482607004430775,-0.000447002066376472,-9.55918653794662e-05,3.8101437318116e-05,-0.000555012250207808,-0.000138488290454723,-0.000565709412285982,-0.000235771853497996,-0.000179209181430778,-0.000306701248441777,-0.00022356840345675,0.000146592136178967,-0.000268002871838709,-0.000125324898652948,0.00141454625211358,0.000280308167139184,-0.000608389864212114,0.00084834830785921,-0.000121561510493956,0.000159658987294829,-0.0003168389882798,-0.000590974239556973,-0.00104717807739675,0.000738484390518323,-0.000543999110153689,0.000792919026226414,-0.000237976542573302,-7.85751873713828e-05,0.000102408833242807,-0.00114917494855363,0.000259625471882149,0.000330464835526567,-0.000116640477410354,0.000543711130087834,0.000594260735173031,-0.000686492839869735,4.36433533924806e-05,-0.000225032843277197,-0.000864640964473418,-0.000598110329940117,-1.79909973457339e-05,-0.000891317488116007,-0.000960130225719283,0.000537948292809015,-0.000553413212736094,-0.000279552698284939,-0.00126705109548875,-0.000349091331245161,-0.000511413943574629,-0.000474890892863506,-6.11540981559522e-05,0,-0.000244801193508491,-0.000405897537379037,-0.00169089003337248,0.00069802311184431,0.000571128789437737,8.84549894976891e-05,-4.62354484851957e-05,0,6.36230161879168e-05,-0.000400760681859391,0.000719690863987445,0.000177919756440117,0.000142988436462474,-0.000233433962927923,0.00128276176780941,0.00020026044458168,0.00101741409473722,-0.00103447108032783,-0.000165090756269713,-0.000774359291155721,-0.000362201771987609,-0.000832598030475387,-0.000623831932661686,0.000171566026773575,-0.000363503825384247,-0.000369677217391122,-0.000200584019230046,-0.00108533202318444,-0.00136630477597116,0.00111974310004177,0.000458542714778489,-0.000609779455035023,0.000463193092337871,0.000184168662561584,-0.00121113185589922,0.000274176148873297,-0.0005408213935088,0.000975880303001138
"15",0.00669996038600582,0.00891642958583205,-0.00328390009717677,0.00573316434017953,0.00876699438391748,-0.00153782700545109,0.00388861478613921,0.00653057246308983,0.00792609863582005,0.0187551747292831,0.00702999199895848,0.00651134550740913,0.00139245813387186,-0.000555012250207808,0.00808469757476239,0.00201731753768151,0.00824051993774244,0.00343441812583196,0.00261048658646018,0.00446762542362881,0.00325665411627136,-0.00213536383638665,0.00390391773726166,0.00182557034338874,-0.0206052724954628,-0.00408316529627543,0.00886223332523572,-0.0123576362585423,0.00177075019282361,-0.00232570475136039,0.00461529885002857,0.00860854512581368,0.0152539300880367,-0.0107572814091724,0.00792427245504167,-0.0115502144788974,0.00346653317268645,0.00114458127102612,-0.00149175886738062,0.0167396880268329,-0.00378188665581029,-0.00481378249457656,0.0016990669746218,-0.00792007753548967,-0.00865641852523264,0.00999993602935526,-0.000635739685375547,0.00327798617346526,0.0125949665181284,0.00871249442169371,0.000262069481446853,0.0129835554653374,0.013985930048251,-0.00783613200716236,0.00806140487380907,0.00407216060725921,0.0184567546301229,0.00508510909089232,0.00744961407206667,0.00691759370783763,0.000890813470987514,-0.000132150311669108,0.00356594582320662,0.00591258811822919,0.0246306897674384,-0.0101678940552084,-0.00831946238504718,-0.001288497395868,0.000673497959903326,0.000144507277142377,-0.000926777462084716,0.00583776107910341,-0.0104835217249338,-0.00259170391798588,-0.00208286981963802,0.00340036277261255,-0.0186856072984401,-0.00291713404528305,-0.0148203670480629,0.0150688310594168,0.00240482770664917,0.0112798603649871,0.00527608496292911,0.0121282066751067,0.00908717332123908,-0.00249915103684395,0.00529505158561909,0.00538497754196934,0.0029218474604805,0.0158097072134279,0.0199025533302092,-0.0163109630857248,-0.00667945468357964,0.00888247507945227,-0.00674719534364972,-0.00268272986587481,0.0176421957793539,-0.00399384201884496,0.00787798360638545,-0.014215356716861
"16",0.0016717938381088,0.0022248537574431,-0.000819408419024677,0.00143055604280836,0.00218756624597078,-0.000383723121282974,0.000970298608305927,0.00162952766495761,0.00197774346357083,0.0046798464078325,0.00175414429768283,0.00162473009837801,0.000347450252525929,-0.000138488290454723,0.00201731753768151,0.000503367010355607,0.0020561987923847,0.000856966120612829,0.00065137629751144,0.00111477504699896,0.000812609921665496,-0.000532822270299982,0.000974117045717112,0.000455521685991773,-0.00514148824856014,-0.00101884342429111,0.00221133054696223,-0.00308351377625635,0.000441842800649345,-0.000580316695708486,0.00115162295505872,0.00214802952066355,0.00380620553837705,-0.0026841885232963,0.0019772877895673,-0.00288204351700161,0.000864979561640637,0.000285599288036527,-0.000372228063861407,0.00417693623287321,-0.000943667491051944,-0.00120114917832025,0.000423956193030604,-0.00197624106089215,-0.00215997503221091,0.00249521347473587,-0.000158631637714155,0.000817932759371437,0.00314273312125452,0.00217396725496582,6.53923484613922e-05,0.0032396949792467,0.00348981043585327,-0.00195529472555448,0.00201150547437319,0.00101609750189341,0.00460538374623439,0.00126885138933379,0.00185884963260122,0.00172609834521685,0.000222278399557681,-3.29745347769552e-05,0.00088978529883825,0.00147532639207492,0.00614592221583579,-0.00253712285576276,-0.00207589674421811,-0.000321509663151236,0.000168053193522904,3.60578811768956e-05,-0.000231252240483022,0.0014566553290048,-0.00261587920102201,-0.000646689590783418,-0.000519723808714859,0.000848468528629189,-0.00466248773770373,-0.000727891874111351,-0.00369802161236849,0.00376001908388203,0.000600059688425432,0.00281458396266058,0.00131650425109778,0.00302626583122841,0.00226745823691814,-0.000623595523434084,0.0013212368586232,0.00134367544796567,0.000729067979346242,0.00394488468273907,0.00496614369386012,-0.00406995952353548,-0.00166667719487703,0.00221638132905975,-0.00168358004378508,-0.00066940265325265,0.00440213262398345,-0.000996555217166801,0.00196573765979068,-0.00354705765356536
"17",0.00682909368376568,0.00908828253574904,-0.00334719313543832,0.0058436638618473,0.00893596715853299,-0.00156746668406962,0.00396356293838512,0.0066564410219816,0.00807886420400925,0.0191166570998227,0.00716548624037923,0.00663684349094674,0.00141929601058453,-0.000565709412285982,0.00824051993774244,0.0020561987923847,0.00839934558050881,0.00350061220951659,0.00266080042747505,0.00455373327664149,0.00331942202256761,-0.00217652028481666,0.0039791608346162,0.00186075591242984,-0.0210024131702252,-0.00416186316456551,0.00903304171049056,-0.0125958141328347,0.0018048791725092,-0.00237052978118986,0.00470425292233866,0.00877446399054798,0.0155479303779759,-0.0109646144594093,0.00807700282589648,-0.0117728303153446,0.00353334623344991,0.00116664163341132,-0.00152051064066121,0.0170623244297124,-0.00385477775776947,-0.00490656208914278,0.00173181435056242,-0.00807272705455366,-0.00882326008944362,0.0101926722012818,-0.000647992767089408,0.00334116522829594,0.0128377186342541,0.00888041677818071,0.000267120540622088,0.0132337971439881,0.0142554912344845,-0.00798716358189824,0.00821677829931569,0.00415064637402905,0.0188124853291149,0.00518311816386343,0.00759319600042756,0.00705092161376402,0.000907982778650556,-0.000134697342481628,0.00363467493759743,0.00602654580723246,0.0251054152900568,-0.0103638674065381,-0.00847980954405639,-0.00131333156029544,0.000686478784801711,0.000147292472900648,-0.000944639930379079,0.00595027657117309,-0.0106855784020606,-0.00264165574672291,-0.00212301451201204,0.003465900482257,-0.0190457488443712,-0.00297335812984059,-0.0151060109564844,0.0153592637987138,0.00245117773178551,0.011497265466403,0.00537777485529733,0.0123619625831477,0.00926231714160226,-0.00254731902536844,0.00539710703575096,0.00548876620164705,0.00297816239017937,0.016114419407451,0.0202861499781445,-0.0166253363553487,-0.00680819275975241,0.0090536735990249,-0.00687723903572517,-0.00273443610510913,0.017982226882444,-0.00407081829346631,0.00802982181798376,-0.0144893398131663
"18",0.00284617515735965,0.00378774185479486,-0.00139501643850873,0.002435475581641,0.00372426106762295,-0.000653276253449757,0.00165190212526746,0.00277421835905272,0.00336704453942328,0.00796728776156957,0.0029863741621017,0.00276605065649072,0.00059152286281682,-0.000235771853497996,0.00343441812583196,0.000856966120612829,0.00350061220951659,0.00145895721564944,0.00110894716430299,0.00189786860825025,0.00138344221574873,-0.000907112751851813,0.00165840289196005,0.000775510997082641,-0.00875321812494689,-0.00173454811075089,0.00376471902456242,-0.00524958287756647,0.000752223135413027,-0.000987970481213751,0.00196060098477282,0.00365695106634905,0.00647994232314455,-0.00456974449751419,0.00336626876911051,-0.00490658625096906,0.00147259984086938,0.000486223588124188,-0.000633706288469687,0.00711109938850335,-0.00160656350598725,-0.00204491778453101,0.000721771762107637,-0.00336448674725841,-0.00367728791496822,0.00424802056462665,-0.000270065253347298,0.00139250417548322,0.00535040190484531,0.00370110922348931,0.000111328366829468,0.00551547634473018,0.00594128985285423,-0.00332882628607186,0.00342452327526843,0.00172987326632078,0.00784051747879885,0.00216017861794995,0.00316463162201965,0.00293862683144792,0.000378421815188891,-5.61380832781572e-05,0.00151483080940298,0.00251169565911955,0.0104632345992881,-0.00431936993583499,-0.00353414733800021,-0.000547359845007734,0.000286105148623424,6.13873812029373e-05,-0.00039369949029786,0.00247990877567716,-0.00445345007673017,-0.00110096819706729,-0.000884813042932334,0.00144449033902273,-0.00793773518483488,-0.00123921246873555,-0.00629576267394838,0.00640131137213031,0.00102158229035074,0.00479173853271858,0.00224130608010353,0.00515212009523396,0.00386027460872059,-0.00106165129131387,0.00224936319196825,0.00228756416752931,0.00124121475001311,0.00671603909927191,0.00845469966878961,-0.00692897498680226,-0.00283746423707548,0.00377331781838706,-0.00286624079286487,-0.0011396364542853,0.00749448899031577,-0.00169660315607211,0.00334660504521994,-0.00603875139695493
"19",0.00216336561210167,0.00287904644764839,-0.00106034605199282,0.00185119461422159,0.0028307949717539,-0.000496552497221181,0.00125560376813791,0.00210867155625215,0.00255927621044955,0.00605590148607995,0.00226993027834351,0.00210246332033005,0.000449614008077065,-0.000179209181430778,0.00261048658646018,0.00065137629751144,0.00266080042747505,0.00110894716430299,0.000842906015354419,0.00144256184400988,0.00105154853458035,-0.000689492538286236,0.00126054497320699,0.000589462605123591,-0.00665328380713652,-0.00131842262962322,0.00286154689246841,-0.00399018558145962,0.000571761600677273,-0.00075095215391176,0.00149024445615812,0.00277963292653334,0.00492537655458207,-0.00347344332496534,0.00255868655073967,-0.00372947530678486,0.00111931686561364,0.00036957647796925,-0.000481677450209951,0.00540511635116539,-0.00122114207677034,-0.00155433329645583,0.000548615641553919,-0.00255733204352149,-0.00279509087853164,0.00322890233415552,-0.000205275448562719,0.00105843649156963,0.00406681769459455,0.00281319735365723,8.46202173564532e-05,0.00419229007311645,0.00451594910663093,-0.00253022667889093,0.00260296555269995,0.00131486930028723,0.00595954393420074,0.00164194256491422,0.0024054230142315,0.00223363773572225,0.000287636809608093,-4.26703179455511e-05,0.00115141644488763,0.00190912917040743,0.0079530600444321,-0.00328313468725511,-0.00268629033577226,-0.000416045886379509,0.000217467304630452,4.66602869356117e-05,-0.000299249305373907,0.00188496809571836,-0.00338504843115395,-0.000836841236349804,-0.00067254262453566,0.00109795095300946,-0.00603343869840101,-0.000941920118309623,-0.00478538238785286,0.00486560950369232,0.000776500346846919,0.00364218004540611,0.00170360720328558,0.00391610453581045,0.00293417828491013,-0.000806956623780812,0.0017097313796898,0.00173876777847357,0.000943442043778767,0.00510483270831922,0.00642638120033159,-0.00526668436930162,-0.00215674447870311,0.00286808279902275,-0.00217861741616746,-0.00086623281393035,0.00569652915422274,-0.00128958083122141,0.00254374023798,-0.00459002921110538
