"","V1","V2","V3","V4","V5","V6","V7","V8","V9","V10","V11","V12","V13","V14","V15","V16","V17","V18","V19","V20","V21","V22","V23","V24","V25","V26","V27","V28","V29","V30","V31","V32","V33","V34","V35","V36","V37","V38","V39","V40","V41","V42","V43","V44","V45","V46","V47","V48","V49","V50","V51","V52","V53","V54","V55","V56","V57","V58","V59","V60","V61","V62","V63","V64","V65","V66","V67","V68","V69","V70","V71","V72","V73","V74","V75","V76","V77","V78","V79","V80","V81","V82","V83","V84","V85","V86","V87","V88","V89","V90","V91","V92","V93","V94","V95","V96","V97","V98","V99","V100"
"1",0.00555771728702601,0.00738732482926578,-0.00272256652669907,0.0047426935023673,0.00726701191912033,-0.0012695093362336,0.00321726885128436,0.00541746236087882,0.00656576761645869,0.0155562915137087,0.00582828536267942,0.00538224215973969,0.00115037152145909,-0.000462407679038578,0.00669564422971003,0.00167209369173499,0.00683177250763184,0.00284615477650691,0.00215799206436079,0.00370018492172836,0.00269511715890598,-0.00176610408643601,0.0032383444781833,0.0015065048604826,-0.017086654958538,-0.00338072570399971,0.00734939957596767,-0.0102442721432831,0.00146814732557241,-0.00192343775863916,0.00382392889084969,0.007138480755169,0.0126604127263967,-0.00891464811128479,0.00656889170461311,-0.00958225084119293,0.00287140440795588,0.000939482566453315,-0.00122708289255748,0.0138778499327617,-0.00313414062145791,-0.00397946281193913,0.00140412726186713,-0.00656053025888859,-0.00717683623475709,0.0082901290911785,-0.000525348889049308,0.00271100926021024,0.0104404883566124,0.0072232485181848,0.000216376396585472,0.0107688728704679,0.0115960958868703,-0.0064918182537888,0.00668215314404668,0.0033696142434203,0.0153025210177301,0.0042138506474194,0.00617187607365542,0.005728314642093,0.000735765923020858,-0.000102644027584522,0.00295440010957104,0.0049013987771668,0.0204229215026578,-0.00843114523174411,-0.00689126144004733,-0.00105744309545585,0.000547182976987316,0.000105268560322059,-0.000758060633443207,0.00484205596252548,-0.00868805174684705,-0.00214157774389119,-0.00171756179585191,0.00282135232077218,-0.0154977742815717,-0.00241393713751999,-0.0122896357725661,0.0125048476087869,0.00198614374361066,0.009349788011863,0.00437415690410688,0.010059214785018,0.00753027175657168,-0.00206828286370608,0.00439142464368943,0.00445695290478614,0.00240874347598386,0.0131165500392855,0.0165104902742377,-0.0135300848087373,-0.00553361270712434,0.00737018999298539,-0.00559727038577133,-0.00221676254760202,0.0146320800253991,-0.00329870187914765,0.0065311408803418,-0.0117855254812627
"2",0.00738732482926578,0.00981924148255641,-0.00361883886194835,0.00630399418650233,0.00965932141061005,-0.00168743341127408,0.00427639781587997,0.00720089780449202,0.00872722659885586,0.0206774423050963,0.00774696425676006,0.00715408306870576,0.00152907527757721,-0.00061463287032953,0.00889985875703568,0.00222254904448772,0.00908080063578229,0.00378311251950598,0.00286840577436812,0.00491829046593799,0.00358235312764897,-0.00234750777972335,0.00430441156574203,0.00200244816108809,-0.0227116033265969,-0.00449366487071856,0.00976883118802788,-0.0136166994565366,0.00195146327729543,-0.00255663589530042,0.00508277110580354,0.00948847762533717,0.0168282365676988,-0.0118493615158142,0.00873137914077193,-0.0127367399066239,0.00381667436148167,0.0012487614125361,-0.0016310401288166,0.0184464556382599,-0.00416590366792403,-0.0052895069899298,0.0018663677278537,-0.00872026509656649,-0.0095394597771931,0.0110192500464256,-0.000698294406079418,0.00360347692875132,0.0138775102948308,0.00960115104287673,0.000287607779311542,0.0143139994049218,0.0154135452819089,-0.00862893301270407,0.00888192638895225,0.00447889550329872,0.0203401302416969,0.00560105559654267,0.00820366546324699,0.00761408304883829,0.000977980993086487,-0.000136434570956152,0.00392699235277197,0.00651494543798081,0.0271461730259155,-0.0112066888783646,-0.00915987339979735,-0.00140555469649964,0.000727316303311462,0.000139923103181871,-0.00100761515030582,0.00643606689389552,-0.0115481693423404,-0.00284658783889242,-0.00228298530584032,0.00375014506405378,-0.0205996611263172,-0.00320860828849943,-0.0163353993729126,0.0166214592171183,0.00263998476963142,0.0124277500206145,0.0058141348751664,0.0133707209824711,0.0100092467186664,-0.00274916419168504,0.00583708717640368,0.00592418742372075,0.00320170486703352,0.0174345348594317,0.0219457645013631,-0.0179842057966827,-0.00735528499125129,0.00979646583655603,-0.00743989885801636,-0.0029465235748344,0.0194489792288941,-0.00438463869924787,0.00868120069752586,-0.0156653353377506
"3",-0.00272256652669907,-0.00361883886194835,0.00133370736752042,-0.00232330971675745,-0.00355990101301235,0.000621896265258047,-0.00157604786813212,-0.00265385965526025,-0.00321638151267327,-0.0076205816826389,-0.00285511007793132,-0.00263660628742363,-0.000563534061889703,0.000226520278672308,-0.00328000434585779,-0.000819110811060771,-0.0033466896905176,-0.00139424971155178,-0.00105713850775141,-0.00181261462039659,-0.00132026070838449,0.000865163810980768,-0.00158637221414701,-0.000737993585070277,0.00837026290487424,0.00165612069889687,-0.00360026036653135,0.00501837552852978,-0.000719203327271997,0.000942237070979595,-0.00187323324685985,-0.00349693727690644,-0.00620197360228216,0.00436703079549275,-0.0032179119139867,0.00469407025282964,-0.00140661878285286,-0.000460225602661382,0.000601112765588292,-0.00679836122245582,0.00153532572912055,0.00194942486033268,-0.000687841731588092,0.00321381588119684,0.00351572652786129,-0.00406109681367661,0.000257353374829462,-0.00132804579366598,-0.00511449623183596,-0.00353846257627147,-0.000105996599698687,-0.00527536240028905,-0.00568059526447768,0.00318015583780029,-0.00327339544937404,-0.00165067751258963,-0.00749626678460912,-0.00206424474810094,-0.00302342532685046,-0.00280613728506294,-0.000360430653458867,0,-0.0014472760000893,-0.00240105488558573,-0.0100046043346498,0.00413017658225794,0.00337583161475357,0.000518011087447325,-0.000268049269185189,0,0.000371352193577511,-0.00237198454026253,0.00425602772624163,0.00104909760225711,0.00084138433306776,-0.00138209969882607,0.00759191576653999,0.00118251866886243,0.00602034059159858,-0.00612576670652744,-0.000972954937126841,-0.00458019337044254,-0.00214277419210425,-0.00492772122873155,-0.0036888644676563,0.00101319253960913,-0.00215123316318019,-0.0021833335815716,-0.00117997444282158,-0.00642542220816007,-0.00808801632730831,0.00662800104813882,0.0027107583833569,-0.00361044499639381,0.0027419424569794,0.00108592848431319,-0.00716783694379866,0.00161593957625226,-0.0031994188663543,0.00577339139753448
"4",0.0047426935023673,0.00630399418650233,-0.00232330971675745,0.0040471906892251,0.00620132483005093,-0.00108333932245978,0.00274546532116247,0.00462300657110398,0.00560291605428085,0.0132750046237918,0.00497358352215024,0.00459295131451786,0.000981672736911,-0.000394596878819385,0.0057137466233734,0.00142688580177572,0.00582991206789779,0.00242877409341815,0.00184152852929315,0.00315756309281955,0.00229988572241713,-0.00150710983352781,0.00276345026598599,0.00128558011213969,-0.0145809445252322,-0.00288495168098508,0.00627163056613386,-0.008741978121818,0.00125284760305542,-0.00164137096023236,0.00326316035298946,0.00609164240386012,0.0108037984074754,-0.00760733975655416,0.00560558200359522,-0.00817704040266103,0.00245032093663195,0.00080171006069468,-0.00104713459876485,0.0118427018331042,-0.00267452761506835,-0.00339588565707619,0.0011982159036588,-0.00559844674063382,-0.00612437315902956,0.00707440471401841,-0.000448307935415566,0.00231344729125955,0.00890941977312117,0.00616397921016074,0.000184645399748411,0.00918964761122589,0.00989556067270149,-0.00553981116000035,0.00570223396790516,0.00287546968519972,0.0130584488653368,0.00359590116829357,0.00526678761085473,0.00488827322972874,0.000627867896504965,0,0.00252114554940841,0.00418262227681953,0.017427956858497,-0.00719474122972256,-0.00588067711380761,-0.000902372006156014,0.000466940115075989,0,-0.000646893149643348,0.00413198192091864,-0.00741397311881826,-0.00182752132327375,-0.00146568613486637,0.00240760884884365,-0.0132250687810168,-0.00205993996923248,-0.0104873948628285,0.0106710464817512,0.00169488128688717,0.00797866760079529,0.0037326989582343,0.00858405891051558,0.00642597834444064,-0.00176497493344169,0.00374743443182702,0.00380335315566176,0.00205550794371754,0.0111930444519036,0.0140892727896253,-0.0115459354974161,-0.00472212379207567,0.00628937212631211,-0.00477644624917503,-0.00189168048460218,0.0124863261800984,-0.00281495642194711,0.00557336723272184,-0.0100572109438619
"5",0.00726701191912033,0.00965932141061005,-0.00355990101301235,0.00620132483005093,0.00950200586055642,-0.00165995119963736,0.00420675070030575,0.00708362111901499,0.00858509151560522,0.0203406812561933,0.00762079411586803,0.0070375688266342,0.0015041721494857,-0.000604622714960776,0.00875491211780026,0.00218635172683032,0.00893290710514811,0.00372149924445053,0.00282168977714744,0.004838189231381,0.00352400949989232,-0.00230927533440719,0.00423430820709635,0.00196983549395296,-0.0223417131223017,-0.00442047925748104,0.00960973211818663,-0.0133949324737579,0.00191968097025469,-0.00251499750632268,0.00499999107413093,0.00933394450511592,0.0165541652142834,-0.0116563781016173,0.00858917642757216,-0.0125293042950394,0.0037545144849201,0.00122842358753288,-0.00160447636060588,0.0181460293254875,-0.0040980561039875,-0.00520335997542842,0.0018359713207741,-0.00857824339111076,-0.00938409634137087,0.0108397861577586,-0.000686921705666831,0.00354478927036887,0.013651495643014,0.00944478287856665,0.000282923684634622,0.0140808759178641,0.0151625141534037,-0.00848839877788935,0.00873727180339522,0.00440595042985286,0.0200088627912091,0.00550983457752955,0.00807005730487376,0.007490077064146,0.000962053205685148,-0.000134212543272848,0.00386303579353022,0.00640884044555147,0.0267040596558466,-0.0110241722863353,-0.00901069205868079,-0.00138266327371632,0.0007154709407384,0.000137644259875333,-0.000991204729234351,0.00633124654880554,-0.0113600912636664,-0.00280022717724599,-0.00224580369919473,0.00368906871008916,-0.0202641668526258,-0.00315635161783336,-0.0160693545620553,0.0163507555218708,0.00259698892773805,0.0122253467412004,0.00571944356227892,0.013152960102948,0.00984623214587875,-0.00270439021030291,0.00574202205321,0.00582770375125907,0.00314956062823497,0.0171505890909092,0.0215883470527536,-0.0176913078686693,-0.00723549389465014,0.00963691669783842,-0.00731872970632972,-0.00289853532004748,0.019132225418216,-0.00431322872959918,0.00853981521040902,-0.0154102034562578
"6",-0.0012695093362336,-0.00168743341127408,0.000621896265258047,-0.00108333932245978,-0.00165995119963736,0.000289984875363586,-0.000734897554687356,-0.00123747191349311,-0.00149977101355849,-0.00355341164256891,-0.00133131325327174,-0.00122942681658353,-0.000262771082300058,0.000105624456115455,-0.00152943779302313,-0.000381944320498314,-0.00156053259522736,-0.000650126639146638,-0.000492934586582764,-0.000845206594961327,-0.000615626203848413,0.000403418437948397,-0.000739711708364735,-0.000344120056255574,0.00390298154343032,0.000772234826426223,-0.00167877041878013,0.00234002531204226,-0.000335358320786037,0.000439357035658662,-0.000873472538691292,-0.00163059175146714,-0.00289192690571922,0.00203630886963832,-0.00150048462651763,0.00218880455352133,-0.000655894230624482,-0.00021459923701506,0.000280293708366704,-0.00317001731945194,0.000715909171792167,0.000909000032215477,-0.00032073467867134,0.00149857468168534,0.00163935301745425,-0.00189365448732003,0.000120001663450019,-0.00061925632210312,-0.00238484556861116,-0.00164995464112175,0,-0.00245985607826542,-0.00264881267469426,0.0014828792931867,-0.00152635612148047,-0.000769696715504733,-0.00349544467568892,-0.000962539557541172,-0.00140979720502751,-0.00130847766150266,-0.000168065711211687,0,-0.000674852341054761,-0.00111959122547359,-0.00466506088413574,0.00192586578878827,0.00157412122365226,0.000241544111167863,-0.000124989066920533,0,0.000173158331359147,-0.00110603597367959,0.00198454909393296,0.000489185181564857,0.000392330272085311,-0.000644461192796882,0.00354004497264097,0.000551398276468018,0.00280723299628863,-0.00285639228619854,-0.000453680512231477,-0.00213570474348771,-0.000999157161318266,-0.00229775399237571,-0.00172008574845294,0.000472442959913832,-0.00100310150671829,-0.00101806965550189,-0.00055021192576523,-0.00299611906725083,-0.0037713723938187,0.00309057983658535,0.00126400330063467,-0.00168351942401827,0.0012785441657402,0.000506359104836664,-0.00334230066796026,0.000753498714806015,-0.00149186147759014,0.00269208271277293
"7",0.00321726885128436,0.00427639781587997,-0.00157604786813212,0.00274546532116247,0.00420675070030575,-0.000734897554687356,0.00186242270466108,0.00313607763880835,0.00380081219433666,0.00900527492562253,0.00337389614932699,0.00311568925807415,0.000665930682014845,-0.000267680010611261,0.00387599557642399,0.000967946851741845,0.00395479794180504,0.00164759102262465,0.00124922522888925,0.00214197467734796,0.00156015789182938,-0.00102236788450553,0.00187462302980203,0.000872090268652863,-0.00989117652657068,-0.00195704512131363,0.00425444352604988,-0.0059302364565401,0.000849885738284488,-0.00111344569517773,0.00221360797512612,0.00413234617613802,0.00732889951133811,-0.00516053951782512,0.00380262067630665,-0.00554700348442159,0.00166220760863863,0.00054385062090705,-0.000710337601623785,0.00803365338782195,-0.00181430117370314,-0.00230364394021691,0.000812825602588655,-0.00379778037632522,-0.00415454951671508,0.0047990159845729,-0.0003041156160895,0.00156935756138203,0.00604382271482907,0.00418141680522173,0.000125256648536742,0.00623391897433795,0.0067127844340744,-0.00375800415484794,0.00386818581435206,0.00195061288408957,0.00885837146329769,0.00243932710711189,0.00357279502001878,0.00331602478438117,0.000425922490065734,0,0.00171025242124907,0.00283733712945665,0.0118224849896758,-0.00488064785124398,-0.00398923508197827,-0.000612135982691611,0.000316755001540635,0,-0.000438828522108362,0.00280298457439979,-0.00502936670217621,-0.00123972325546482,-0.00099426757076147,0.00163323329909363,-0.00897140028636059,-0.00139738751728723,-0.00711426298293496,0.00723884548710753,0.00114974513284594,0.00541243467113731,0.00253212569683335,0.00582310987134351,0.00435914738244782,-0.00119729408485395,0.00254212170019623,0.00258005490593835,0.00139438099417327,0.00759294971268452,0.00955764450320982,-0.00783233801978429,-0.00320331511630904,0.00426647874799837,-0.00324016547340333,-0.00128324647094636,0.00847026447442904,-0.00190956291177847,0.00378076736049983,-0.00682244203306254
"8",0.00541746236087882,0.00720089780449202,-0.00265385965526025,0.00462300657110398,0.00708362111901499,-0.00123747191349311,0.00313607763880835,0.00528074691745316,0.00640007346459966,0.0151637118978882,0.00568120236243117,0.00524641553567178,0.00112134066860144,-0.000450738327842026,0.00652667250292966,0.00162989662320238,0.0066593654385013,0.00277432902370831,0.00210353283191302,0.00360680680691503,0.0026271030015535,-0.00172153456527854,0.00315662139977356,0.00146848660279961,-0.0166554549882,-0.00329540948342741,0.00716392963542935,-0.00998574700451038,0.00143109706121261,-0.00187489775437942,0.00372742796493353,0.00695833357613624,0.0123409137018459,-0.00868967745374609,0.00640311871305592,-0.00934043251639388,0.00279894145376483,0.000915773721406072,-0.00119611614639465,0.0135276275812317,-0.00305504723856424,-0.0038790368215605,0.00136869261212808,-0.00639496827733641,-0.00699572111426938,0.00808091883751047,-0.000512091149256187,0.00264259404872355,0.0101770114923221,0.00704096213420017,0.00021091590733138,0.010497108872565,0.0113034560334532,-0.00632799029300504,0.00651352187920881,0.0032845784324123,0.0149163455711636,0.00410750962990691,0.00601612219518432,0.00558375450965334,0.000717198084848195,-0.000100053696021252,0.00287984267028847,0.0047777067489461,0.0199075272860876,-0.00821837628529644,-0.00671735310422911,-0.00103075739058845,0.000533374230686832,0.000102611995874627,-0.000738930164463277,0.00471986151355451,-0.0084687994903565,-0.00208753274433551,-0.00167421729119479,0.00275015248440972,-0.0151066714105455,-0.0023530188580427,-0.0119794937000859,0.0121892744359761,0.00193602128690922,0.00911383613461351,0.00426377038715074,0.00980535976614815,0.00734023731355463,-0.00201608753866179,0.00428060235689924,0.00434447694240469,0.00234795626409737,0.0127855399029188,0.0160938304345094,-0.0131886386811977,-0.00539396608577196,0.00718419538408903,-0.00545601729497184,-0.00216082017929811,0.0142628238726738,-0.00321545561731971,0.00636632057111743,-0.0114881051698987
"9",0.00656576761645869,0.00872722659885586,-0.00321638151267327,0.00560291605428085,0.00858509151560522,-0.00149977101355849,0.00380081219433666,0.00640007346459966,0.00775665658524451,0.0183778680666852,0.00688541091917214,0.00635846507681349,0.00135902416269434,-0.000546278482304367,0.00791009002156046,0.00197537550866557,0.00807090903999989,0.00336238601172497,0.00254940539092027,0.00437131884896452,0.00318395342019566,-0.00208643736612626,0.00382571048646688,0.0017797524264296,-0.0201858065112924,-0.00399391660300314,0.00868242252065419,-0.0121023626821706,0.0017344376600329,-0.00227230798108924,0.00451750731146252,0.00843324756414203,0.0149567391785159,-0.0105315734605347,0.00776034731576856,-0.0113202649607164,0.00339221538301777,0.00110988448898729,-0.00144964932589718,0.0163949932982933,-0.00370260629230522,-0.00470125173918536,0.00165880573430306,-0.00775046928370439,-0.00847855990242543,0.00979378012807277,-0.000620635873493352,0.00320272800672323,0.0123341682945771,0.00853339037540521,0.000255622419115013,0.0127221146933355,0.0136993781654022,-0.00766929439936846,0.00789415194324797,0.00398078976256198,0.018078069063163,0.00497815248465521,0.00729132159201412,0.00676730766095988,0.000869218029844988,-0.000121261445577772,0.00349026471907202,0.00579040705103813,0.0241272000194494,-0.00996037356226652,-0.00814118798472115,-0.0012492405197723,0.000646430195175195,0.000124362012081341,-0.000895556521018531,0.00572030072671124,-0.010263877391304,-0.00253001386590747,-0.00202909054852367,0.003333084924199,-0.0183087370677646,-0.00285177339313294,-0.0145187112633369,0.0147729578958951,0.00234638748247826,0.0110456383760919,0.00516753484696634,0.0118837399010297,0.0088961010229595,-0.00244342487155631,0.005187934582956,0.00526534826063191,0.00284563771314712,0.0154956099851715,0.0195051379507024,-0.0159841510636975,-0.00653729098442557,0.00870698387196766,-0.00661249479624504,-0.00261883557524606,0.0172860245008262,-0.00389701542124477,0.00771574930426593,-0.0139231662122257
"10",0.0155562915137087,0.0206774423050963,-0.0076205816826389,0.0132750046237918,0.0203406812561933,-0.00355341164256891,0.00900527492562253,0.0151637118978882,0.0183778680666852,0.0435427340329828,0.0163136232817339,0.015065129028736,0.00321993973652845,-0.00129429913070493,0.0187413983349965,0.00468026269842557,0.019122427283618,0.00796651054918416,0.00604031329838121,0.010356977932542,0.00754374971274847,-0.00494340186685752,0.0090642665185629,0.00421677238444545,-0.0478262876288562,-0.00946279773929444,0.0205712878777356,-0.0286741616344349,0.00410940798212093,-0.00538378563294581,0.0107033426641933,0.0199809169587738,0.0354370438229116,-0.0249524863535272,0.0183866125248026,-0.0268211353231397,0.00803718536172828,0.00262965241321505,-0.00343465818829437,0.0388447033175859,-0.00877259540822107,-0.0111386888489274,0.00393021304968878,-0.018363208475901,-0.0200882756081627,0.0232044305545558,-0.00147047430489707,0.00758823239293655,0.0292233793179957,0.0202181856006165,0.000605646910077111,0.0301425418018537,0.0324579748700391,-0.0181708805961941,0.0187036362016283,0.00943169627965023,0.0428324194183413,0.0117947505569438,0.017275348570248,0.0160338009028755,0.00205944070078637,-0.000287305080985942,0.00826949392692361,0.0137192275649816,0.0571646422531399,-0.0235991408425184,-0.0192889393832267,-0.00295982904536552,0.0015315888631515,0.000294651261844711,-0.00212184456133419,0.0135531244553543,-0.0243182333105793,-0.00599436890412054,-0.00480752989207531,0.00789708740084122,-0.0433789417645593,-0.00675671464878036,-0.0343992230626116,0.0350016103177651,0.00555930240206035,0.0261704617907526,0.0122434547158119,0.028156178069735,0.0210775569488099,-0.00578921335846448,0.0122917878671502,0.0124752043094342,0.00674217736508867,0.0367137919270555,0.0462135777110987,-0.0378712936660633,-0.0154888217500629,0.0206294811558598,-0.015667002351014,-0.00620481442761934,0.0409558260292193,-0.00923320949927247,0.0182809463318463,-0.0329881965131174
"11",0.00582828536267942,0.00774696425676006,-0.00285511007793132,0.00497358352215024,0.00762079411586803,-0.00133131325327174,0.00337389614932699,0.00568120236243117,0.00688541091917214,0.0163136232817339,0.00611202558793706,0.00564426752530855,0.00120637541528331,-0.000484919215596381,0.00702161035589668,0.00175349674790358,0.00716436580902319,0.0029847150128631,0.00226305026181398,0.00388032217271284,0.0028263243840464,-0.00185208387982818,0.00339599780751156,0.00157984650418492,-0.0179184898851323,-0.00354531062273577,0.00770719267658463,-0.0107429972235869,0.00153962159749753,-0.00201707707602743,0.00401009040788977,0.00748600562936937,0.0132767635286147,-0.00934864269215853,0.00688868709827982,-0.0100487465329731,0.00301119387995672,0.000985219687826615,-0.00128682134987008,0.0145534696083576,-0.00328672096208707,-0.00417319623513325,0.00147248482516073,-0.00687991858969792,-0.00752622838067478,0.00869372001876214,-0.000550924612069358,0.00284299016545095,0.01094876589173,0.00757490016770174,0.00022691031585798,0.0112931372507954,0.0121606322220536,-0.00680786145672746,0.0070074624795227,0.00353365821947227,0.0160474983979359,0.00441899484635601,0.00647234343213702,0.00600718796173205,0.000771585443813652,-0.000107641078637423,0.0030982300870733,0.00514001509510074,0.0214171769289088,-0.0088416012918666,-0.00722675085959926,-0.00110892292587442,0.000573821655687179,0.000110393382316807,-0.000794965534543184,0.00507778327579579,-0.00911101486658132,-0.00224583683788639,-0.00180117838984533,0.00295870509147781,-0.0162522572370225,-0.00253145558840841,-0.0128879359252613,0.0131136249861009,0.00208283579592758,0.00980496664357255,0.00458710534229265,0.0105489306605125,0.00789687031369495,-0.00216897372030043,0.00460521373260075,0.00467393212637068,0.00252600908223573,0.0137551071158798,0.0173142755966799,-0.0141887741268631,-0.00580300729203296,0.00772899523992683,-0.0058697640372072,-0.00232468188673165,0.015344418118688,-0.0034592936065604,0.00684909843891365,-0.0123592838761838
"12",0.00538224215973969,0.00715408306870576,-0.00263660628742363,0.00459295131451786,0.0070375688266342,-0.00122942681658353,0.00311568925807415,0.00524641553567178,0.00635846507681349,0.015065129028736,0.00564426752530855,0.00521230735030437,0.0011140505683178,-0.000447807971614293,0.00648424106492238,0.00161930028065652,0.00661607133240898,0.00275629245608086,0.0020898572686128,0.0035833581047834,0.00261002358503626,-0.0017103424628479,0.00313609945920172,0.00145893962488349,-0.0165471739452187,-0.00327398524877462,0.00711735523843335,-0.00992082730694809,0.00142179316152897,-0.00186270860166811,0.00370319507619127,0.00691309580763517,0.0122606825098476,-0.00863318381016026,0.00636149052739096,-0.00927970816059041,0.00278074487492191,0.000909820060352741,-0.00118833991308549,0.0134396812822806,-0.00303518565558236,-0.00385381828786693,0.00135979441849319,-0.00635339307957728,-0.00695024028056076,0.00802838287733447,-0.000508761923859327,0.00262541392125331,0.0101108483391928,0.00699518717794568,0.000209544693249064,0.010428864690835,0.0112299695985607,-0.0062868505349265,0.00647117593650942,0.0032632246129779,0.0148193708888713,0.00408080574057471,0.00597700996519965,0.00554745320401591,0.000712535410865009,-9.87898592228246e-05,0.00286112013354709,0.00474664575000002,0.0197781037537227,-0.00816494668181724,-0.00667368200663884,-0.00102405619356965,0.000529906638955531,0.000101944891076615,-0.000734126205102506,0.00468917658013316,-0.00841374182653012,-0.00207396120138009,-0.00166333280952819,0.00273227309416906,-0.015008459375061,-0.00233772132721666,-0.0119016121848014,0.0121100290866266,0.00192343475568992,0.0090545849353568,0.00423605060976364,0.00974161280858751,0.00729251669874071,-0.00200298047784702,0.00425277315090505,0.00431623247265797,0.00233269164638917,0.0127024180910711,0.0159892006452753,-0.0131028962290752,-0.0053588986394616,0.007137489234679,-0.00542054643910855,-0.00214677217743474,0.0141700978891515,-0.00319455118161679,0.00632493161885629,-0.0114134182873994
"13",0.00115037152145909,0.00152907527757721,-0.000563534061889703,0.000981672736911,0.0015041721494857,-0.000262771082300058,0.000665930682014845,0.00112134066860144,0.00135902416269434,0.00321993973652845,0.00120637541528331,0.0011140505683178,0.000238111182890383,-4.13153460696392e-05,0.00138590684662227,0.000346100541795032,0.00141408353969589,0.000589115140527475,0.000446674864187588,0.000765887708614694,0.000557852417905231,-0.000365559408664285,0.000670293048743722,0.000311825916817415,-0.00353670405423193,-0.000699764016572904,0.00152122526846644,-0.00212042432586844,0.000303886431320903,-0.000398125328541425,0.000791501019022152,0.00147756795517471,0.0026205324053391,-0.00184521032312867,0.0013596708062456,-0.00198339496413721,0.000594341469152364,0.000194460051409616,-0.000253989388298506,0.00287252526842272,-0.000648724274548798,-0.000823694415015834,0.000290635153091893,-0.00135794010125595,-0.00148550701524764,0.00171594342122689,-0.000108740040124618,0.000561141865678915,0.00216103840035356,0.00149511372360356,0,0.00222900950671218,0.00240023336550512,-0.00134371765528273,0.00138311437627173,0.000697464096092565,0.00316741271212551,0.000872209493597173,0.00127749399662378,0.00118568284241516,0.000152293490401016,0,0.000611520445089928,0.00101452255977998,0.0042272656323301,-0.00174513183506569,-0.00142639693567459,-0.000218876268754377,0.000113259397922748,0,-0.000156908190758106,0.00100223940818356,-0.00179830797256761,-0.000443277324183817,-0.000355511817937657,0.000583981371163912,-0.00320782746922723,-0.000499651996347124,-0.00254378664328031,0.00258833255209206,0.000411104610431968,0.00193527833552006,0.000905390697836454,0.00208211998187427,0.00155866333788331,-0.000428106285701787,0.000908964883932984,0.000922528338409585,0.000498576979390573,0.00271494659510854,0.00341744583898648,-0.00280054264063266,-0.00114538220285514,0.00152552860064785,-0.00115855847232978,-0.000458839551006208,0.00302864058958576,-0.000682786205842728,0.00135185690155946,-0.00243944270262258
"14",-0.000462407679038578,-0.00061463287032953,0.000226520278672308,-0.000394596878819385,-0.000604622714960776,0.000105624456115455,-0.000267680010611261,-0.000450738327842026,-0.000546278482304367,-0.00129429913070493,-0.000484919215596381,-0.000447807971614293,-4.13153460696392e-05,0,-0.000557084347409297,-0.000139119880195267,-0.000568410357314891,-0.000236802945601677,-0.000179547114459057,-0.000307859114328127,-0.000224236463609979,0.000146941639772833,-0.000269433524008096,-0.000125342722563865,0.0014216269115298,0.000281279785479892,-0.000611477451036169,0.00085233376592819,-0.000122151337004749,0.000160031959852249,-0.000318154737261304,-0.000593928792593476,-0.00105335909729519,0.000741707706544869,-0.000546538409587097,0.000797252926446084,-0.000238903740383404,0,0.000102094533246594,-0.00115465109973018,0.000260763658117699,0.00033109531623437,-0.000116824803188614,0.000545842728876617,0.000597120007147722,-0.000689747094716533,0,-0.000225558702453668,-0.000868659152612959,-0.000600981555900622,0,-0.000895981075093365,-0.000964806863687339,0.000540125820808182,-0.000555961875486542,-0.000280355300762174,-0.00127318516970374,-0.000350596620349338,-0.000513506309001171,-0.000476601550898665,0,0,-0.000245809066396232,-0.000407801317617042,-0.00169920765010421,0.000701479779719805,0.000573359896441493,0,0,0,0,-0.0004028639356365,0.000722854660672451,0.000178181426454549,0.000142902872278018,-0.000234739356290014,0.00128943043802072,0.000200842002473096,0.00102251008108811,-0.00104041592274018,-0.000165249160993478,-0.000777911784782739,-0.000363934262453455,-0.000836936807230036,-0.000626526198735334,0.000172083218560648,-0.00036537095578819,-0.000370822973147169,-0.000200409884599407,-0.00109131018139732,-0.00137368942916933,0.00112571669095302,0.000460402153699505,-0.000613207234683468,0.000465698536713599,0.000184436877890348,-0.0012174038035087,0.000274455320593158,-0.000543397502964546,0.000980567596837384
"15",0.00669564422971003,0.00889985875703568,-0.00328000434585779,0.0057137466233734,0.00875491211780026,-0.00152943779302313,0.00387599557642399,0.00652667250292966,0.00791009002156046,0.0187413983349965,0.00702161035589668,0.00648424106492238,0.00138590684662227,-0.000557084347409297,0.00806655850514465,0.00201445016009277,0.00823055866411195,0.00342889694131557,0.00259983485436144,0.00445778735054872,0.0032469347974117,-0.00212770891801521,0.00390138637850073,0.00181495748257431,-0.0205850993797853,-0.00407291975881177,0.00885416841506766,-0.0123417579774837,0.0017687463505531,-0.00231725621594728,0.00460686754841032,0.00860006456046631,0.0152525965318769,-0.0107398971742515,0.0079138537579551,-0.0115441896805801,0.00345931636360396,0.0011318389727507,-0.0014783246546398,0.0167193005732756,-0.00377584707594829,-0.00479424660126314,0.00169161835933004,-0.00790378032979636,-0.00864627321634402,0.00998750964581778,-0.000632912592686024,0.00326608076164494,0.0125781489071952,0.00870218828392865,0.000260678853641046,0.0129737692242732,0.0139703638206532,-0.00782099973540877,0.00805030515773434,0.00405953325801119,0.0184356690455568,0.00507662468512344,0.00743555029607659,0.00690117091217092,0.000886411921022354,-0.000123660102793437,0.00355930520109081,0.00590494635566572,0.0246044570910991,-0.0101573984435222,-0.00830222778769065,-0.00127395158743751,0.000659217148560858,0.000126822001208241,-0.00091327141053632,0.00583345326706342,-0.010466905843159,-0.00258005974806134,-0.00206922773031517,0.00339901625270793,-0.0186708998645882,-0.00290818395952763,-0.0148059040422786,0.0150651798951041,0.00239280107452129,0.0112641307424513,0.00526975319583082,0.0121188106469447,0.009072073664621,-0.00249175794783764,0.00529055645640075,0.00536950144417826,0.00290192691043723,0.0158021266733487,0.0198909666010627,-0.0163003315207467,-0.00666660430504437,0.00887921561134426,-0.00674329571389032,-0.00267063842832336,0.0176279571505775,-0.00397410178711474,0.00786837355886526,-0.0141985785903376
"16",0.00167209369173499,0.00222254904448772,-0.000819110811060771,0.00142688580177572,0.00218635172683032,-0.000381944320498314,0.000967946851741845,0.00162989662320238,0.00197537550866557,0.00468026269842557,0.00175349674790358,0.00161930028065652,0.000346100541795032,-0.000139119880195267,0.00201445016009277,0.000503065767750855,0.00205540568608024,0.000856293546742321,0.000649253053237385,0.00111323688240099,0.000810852399853695,-0.000531349715965359,0.000974287660560841,0.000453246745684865,-0.00514068753294071,-0.00101712444717913,0.00221113886049991,-0.00308208963186867,0.000441706505539229,-0.000578685092560083,0.0011504664677635,0.00214768186700567,0.00380900919591346,-0.00268205921623857,0.00197631542119182,-0.00288291403767224,0.000863890145720646,0.000282652533717164,-0.000369179909289561,0.00417528710601848,-0.000942936909436504,-0.00119726037160448,0.000422445442203752,-0.00197379979833306,-0.00215922148878752,0.00249416655096645,-0.000158056359827793,0.000815633694217356,0.00314112320187229,0.00217318507893263,0,0.00323992089987018,0.00348879904820878,-0.00195312711846465,0.00201039123480612,0.00101378145541088,0.00460391335865891,0.00126777824807885,0.00185686937927201,0.00172341957725638,0.000221362385839363,0,0.000888860215615314,0.0014746338384484,0.00614443600632777,-0.00253659263831404,-0.00207330351417815,-0.000318142114462716,0.000164625359080626,0,-0.000228069967879077,0.00145677997131428,-0.00261388548015615,-0.000644314644121939,-0.000516745292300715,0.000848831484958359,-0.00466265721587565,-0.000726256635851996,-0.00369745731705338,0.0037622059062937,0.000597550802435186,0.00281297531815644,0.00131600795583648,0.00302641331272834,0.00226555602794099,-0.000622263161388174,0.00132120312445254,0.00134091794374822,0.000724694071899372,0.0039462425750252,0.00496734274329696,-0.00407065856158997,-0.00166484159273211,0.0022173938611321,-0.00168399362897271,-0.000666934728862966,0.00440220461817039,-0.000992446775929594,0.00196495771588551,-0.00354579079742043
"17",0.00683177250763184,0.00908080063578229,-0.0033466896905176,0.00582991206789779,0.00893290710514811,-0.00156053259522736,0.00395479794180504,0.0066593654385013,0.00807090903999989,0.019122427283618,0.00716436580902319,0.00661607133240898,0.00141408353969589,-0.000568410357314891,0.00823055866411195,0.00205540568608024,0.00839789308912643,0.00349860940210037,0.00265269176095079,0.00454841804933633,0.00331294780935382,-0.00217096709317976,0.00398070496099894,0.0018518571487047,-0.0210036123761876,-0.0041557257643072,0.00903418136937379,-0.0125926766646726,0.0018047065041277,-0.00236436805274124,0.00470052917744316,0.0087749113621285,0.0155626951017065,-0.0109582486363709,0.00807474929643298,-0.0117788931097509,0.00352964727773387,0.00115485024469996,-0.00150838028223013,0.0170592185135088,-0.00385261333510289,-0.00489171780961477,0.00172601043367813,-0.00806447106670759,-0.00882205948021984,0.0101905644142865,-0.000645780256851196,0.0033324830277127,0.0128338736278402,0.00887911134982069,0.000265978681741131,0.0132375372504802,0.0142543934828638,-0.00798000747074872,0.00821397487199498,0.00414206710428804,0.0188104822514873,0.00517983688582174,0.00758672150865606,0.00704147772652486,0.000904433447286059,-0.00012617422036949,0.00363166897535957,0.00602499905724904,0.025104687129928,-0.0103639071991916,-0.00847101930839873,-0.00129985213259851,0.00067261960725362,0.000129400402932525,-0.000931839013611748,0.00595205245189752,-0.0106797071537897,-0.00263251460951896,-0.00211129693200692,0.00346812121307251,-0.0190504955179145,-0.00296730987194301,-0.0151069209648038,0.0153714681215011,0.00244144880407638,0.0114931403295276,0.00537689186733286,0.0123651966207558,0.0092565168224078,-0.00254241755680134,0.00539811807630617,0.00547866808443244,0.0029609256115958,0.0161233976694987,0.0202953672736056,-0.0166317314552934,-0.00680214217600906,0.0090597377969624,-0.00688039278798161,-0.00272493483322886,0.0179863488703078,-0.00405489873719244,0.00802834444529037,-0.0144872480575509
"18",0.00284615477650691,0.00378311251950598,-0.00139424971155178,0.00242877409341815,0.00372149924445053,-0.000650126639146638,0.00164759102262465,0.00277432902370831,0.00336238601172497,0.00796651054918416,0.0029847150128631,0.00275629245608086,0.000589115140527475,-0.000236802945601677,0.00342889694131557,0.000856293546742321,0.00349860940210037,0.00145754031619119,0.00110512627837014,0.00189489649168021,0.00138019265445052,-0.000904437077638401,0.00165838403224864,0.000771494083461711,-0.00875022281869099,-0.00173129868137775,0.00376369067142518,-0.00524617978688944,0.000751850860253053,-0.000985009003038727,0.00195826684151804,0.00365567733100704,0.00648350613981388,-0.00456526789551553,0.00336398588411209,-0.00490715298977405,0.00147047086940973,0.000481117094638492,-0.000628399692797481,0.00710696619383315,-0.00160502034186415,-0.00203791709890895,0.000719065635547141,-0.00335970391591214,-0.00367531950166759,0.00424544633923661,-0.000269035680060724,0.00138833113607884,0.00534666379569263,0.00369908763080124,0.000110808211871935,0.00551483232683087,0.00593846034131558,-0.00332451590770333,0.00342198804042731,0.00172560840694154,0.00783655249771005,0.0021579491233994,0.00316067076820363,0.00293351914786794,0.000376792051133174,0,0.00151297368133451,0.00251004842829335,0.0104587535822858,-0.0043176619164795,-0.00352907419553973,-0.000541525695098178,0.000280217104099781,0,-0.000388209363904289,0.00247965846302163,-0.00444922595029297,-0.00109672036382017,-0.000879578153538205,0.00144483876549819,-0.00793654337180658,-0.00123619794950318,-0.00629362807591394,0.00640383990641682,0.00101712127673405,0.00478810677747351,0.00224004333485562,0.00515141032364535,0.00385631686922856,-0.00105918542590252,0.00224888629266621,0.00228244387821522,0.0012335382308048,0.00671709797703311,0.00845516393325543,-0.00692887268570252,-0.00283381061402441,0.00377433762261838,-0.00286641025822824,-0.00113522314781421,0.00749321390487743,-0.00168929357589406,0.00334465336263467,-0.00603546886424824
"19",0.00215799206436079,0.00286840577436812,-0.00105713850775141,0.00184152852929315,0.00282168977714744,-0.000492934586582764,0.00124922522888925,0.00210353283191302,0.00254940539092027,0.00604031329838121,0.00226305026181398,0.0020898572686128,0.000446674864187588,-0.000179547114459057,0.00259983485436144,0.000649253053237385,0.00265269176095079,0.00110512627837014,0.00083792131001613,0.00143673549505611,0.00104648026178278,-0.000685756112902875,0.00125740863103989,0.000584956982506403,-0.00663453427058483,-0.0013126934790373,0.00285367987316994,-0.00397772265997842,0.000570063231768512,-0.000746846808693343,0.00148478372953535,0.00277178273483035,0.00491587980894152,-0.00346144628940198,0.00255061843525078,-0.00372066807397359,0.00111493039424737,0.000364789322361598,-0.000476460929495914,0.0053885954392105,-0.00121694757764768,-0.00154517560449334,0.000545205042281546,-0.00254737179052449,-0.0027866756875124,0.00321895337012776,-0.000203986398558933,0.00105265096581998,0.00405391095984965,0.00280469699628959,0,0.00418141855664905,0.00450261890072201,-0.00252069177891653,0.00259459643464745,0.00130837903796096,0.0059417773908839,0.00163618546750488,0.00239646223464052,0.00222423288220427,0.000285688699353712,0,0.00114715658644317,0.00190315180120534,0.00792996481427402,-0.00327370817260714,-0.00267579056886778,-0.000410591919425956,0.000212464301638453,0,-0.000294345456378932,0.00188010972899131,-0.00337346175708129,-0.000831547834812929,-0.000666907749005177,0.00109549579522607,-0.00601759178952094,-0.000937301578616544,-0.00477191175826679,0.0048554758207651,0.00077119475785447,0.00363040566675761,0.00169843038064693,0.0039058672038688,0.0029239102771738,-0.000803088350166781,0.00170513522781063,0.00173057903146869,0.000935284944843876,0.00509299221870204,0.00641081673472034,-0.00525356259404255,-0.00214863255766836,0.00286175253189328,-0.00217335003757265,-0.000860741153110575,0.00568145354453604,-0.00128084465442499,0.00253596026266061,-0.0045761720413987
