"","V1","V2","V3","V4","V5","V6","V7","V8","V9","V10","V11","V12","V13","V14","V15","V16","V17","V18","V19","V20","V21","V22","V23","V24","V25","V26","V27","V28","V29","V30","V31","V32","V33","V34","V35","V36","V37","V38","V39","V40","V41","V42","V43","V44","V45","V46","V47","V48","V49","V50","V51","V52","V53","V54","V55","V56","V57","V58","V59","V60","V61","V62","V63","V64","V65","V66","V67","V68","V69","V70","V71","V72","V73","V74","V75","V76","V77","V78","V79","V80","V81","V82","V83","V84","V85","V86","V87","V88","V89","V90","V91","V92","V93","V94","V95","V96","V97","V98","V99","V100"
"1",0.00559350451124699,0.00735297618283384,-0.00272963019670472,0.00465825498794171,0.00726822426252748,-0.00121830383775082,0.00316241212854564,0.00546269999014632,0.00653239450309285,0.0156642274713069,0.00584490862502098,0.00523865335953978,0.00111416334396901,-0.000483772855628489,0.00664300757715041,0.00166877215141867,0.00684831158460247,0.00284591071713845,0.00209856710305127,0.00367231453799513,0.00265486726465413,-0.00172699183767608,0.00326042817438689,0.00144318029106423,-0.0171674606382911,-0.0033411016066808,0.00739186591544607,-0.0102614282760681,0.00147146586143224,-0.00187691144440505,0.00381008848717723,0.00716592104539909,0.0128291809052919,-0.00890082589223795,0.00657935136529639,-0.00966301133666722,0.00285202451586102,0.000849009089305489,-0.00113797295630457,0.0139070347561552,-0.00312831624492343,-0.00388419249281319,0.00136470356938848,-0.00652014987588159,-0.00719553716666226,0.00830146939656798,-0.000509486120758748,0.00265714528274205,0.0104539739396329,0.00723977149965932,0.000207144083499571,0.0108381219335469,0.0116316622237609,-0.00646042217370481,0.00668797813605403,0.003320367778265,0.0153481932507604,0.00420021654900176,0.00615089630913989,0.00568112562581214,0.000708274371178679,0,0.00293691222793153,0.00490899226733027,0.020501247375592,-0.00846662207437247,-0.00684871554916256,-0.000956514605423686,0.000441074441062582,0,-0.000661033208616654,0.00487794988649958,-0.00868028591367695,-0.00207828098533121,-0.00163229089504739,0.00284703914264275,-0.0155993996378729,-0.00237111969290867,-0.0123505605439278,0.0126536903827449,0.00191405431221859,0.00935210148613867,0.0043780629750545,0.0101241812678343,0.00751780123929407,-0.00203565626765116,0.00441573404210958,0.00439839368186783,0.00227986316860992,0.0132401626111542,0.0166499495758058,-0.0136310363153338,-0.00550823044241143,0.00744904277736394,-0.00564394609555858,-0.00214906527562136,0.014726282205363,-0.00318963523802755,0.00654276681177422,-0.0118204391165587
"2",0.00735297618283384,0.00966590062394863,-0.00358825237093433,0.00612353809870555,0.00955448945940785,-0.00160152889560105,0.00415716855412297,0.00718102628517554,0.00858719986754928,0.0205915077546498,0.007683461025946,0.00688650439190065,0.00146463036107649,-0.0006359466195451,0.0087326069727764,0.00219369482214333,0.0090024906340839,0.00374110965308322,0.0027586844519009,0.00482746394133736,0.00348997229310094,-0.00227022787321391,0.0042860161574738,0.00189714163748208,-0.0225675922740876,-0.00439206592020339,0.00971702336409829,-0.0134892244323882,0.00193432461012751,-0.00246730562570369,0.00500857554407477,0.00942000612834773,0.0168646796390709,-0.0117006360970264,0.00864892730313264,-0.0127025717186965,0.00374914658526112,0.00111607018464369,-0.00149592943522112,0.0182815791299067,-0.00411234759801171,-0.00510598942608706,0.00179397957437327,-0.00857110361660839,-0.00945893818495699,0.0109127482837911,-0.000669748152323974,0.00349296687596233,0.0137423365332998,0.00951708670282033,0.000272302544732861,0.0142473206705707,0.015290473999996,-0.00849258819382143,0.00879172330098927,0.00436481013696164,0.0201760630022649,0.00552142081685196,0.00808569904131594,0.00746815906455235,0.000931066484654969,0,0.00386073625571095,0.00645314635052434,0.0269500423872022,-0.0111298507647109,-0.00900302166821163,-0.00125739223023262,0.000579817152818724,0,-0.000868965320265183,0.0064123393955201,-0.0114107238950319,-0.00273201720954187,-0.00214573815943241,0.00374259303185596,-0.0205062879225631,-0.00311697015592804,-0.0162355062629427,0.0166339874799769,0.0025161320138555,0.0122938632388253,0.00575520994356823,0.0133088055231553,0.00988257242819039,-0.00267598462151566,0.00580473067932181,0.00578193580079745,0.0029970083237086,0.0174049381994617,0.0218872948846503,-0.0179187636610395,-0.00724087862469289,0.00979218556394026,-0.00741928448156174,-0.00282506713907634,0.0193585259652511,-0.00419295486219525,0.00860083485050885,-0.0155386318398297
"3",-0.00272963019670472,-0.00358825237093433,0.00133205953365741,-0.00227322843013161,-0.00354689343389731,0.000594532271780455,-0.00154325711602564,-0.00266579759051947,-0.00318780851192252,-0.00764414299260104,-0.00285231540401142,-0.00255646283497509,-0.000543711710903997,0.000236081153132959,-0.00324178769196801,-0.000814360808465103,-0.00334197604742903,-0.00138880442752962,-0.00102410074449423,-0.0017920894914009,-0.00129557522288066,0.000842772015308927,-0.00159108894631234,-0.000704271980805074,0.0083777207768037,0.00163045758120278,-0.00360723056041583,0.00500757698994523,-0.000718075339120469,0.00091593278326445,-0.00185932317848393,-0.00349696946402615,-0.00626064027081039,0.00434360302779975,-0.00321072346063769,0.00471554952402938,-0.001391787961301,-0.000414316434854969,0.000555330801703387,-0.00678663294910985,0.00152661832484716,0.0018954859331709,-0.000665975340694424,0.0031818331338539,0.00351142213117725,-0.0040511170584254,0.000248629226494534,-0.00129668689570561,-0.00510153927360018,-0.00353300848564198,0,-0.00528900349430167,-0.00567625115524743,0.00315268601524271,-0.00326373332467452,-0.0016203394729536,-0.00748991829324462,-0.00204970567232065,-0.00300163739359975,-0.00277238930053758,-0.000345637892529448,0,-0.00143321316471881,-0.00239558822225879,-0.0100046087017554,0.00413171156505274,0.00334217318213401,0.000466779126628706,-0.000215244326861314,0,0.000322584205239582,-0.00238043954043996,0.00423597951845059,0.0010142011190642,0.000796557955387121,-0.00138935509917475,0.00761250700994068,0.00115710640811155,0.00602707353487404,-0.00617500089595751,-0.000934058502725689,-0.00456382551723735,-0.00213649472808229,-0.0049406004500445,-0.00366868699834595,0.000993400256872783,-0.00215487820877294,-0.0021464161129898,-0.0011125732243318,-0.00646119934291968,-0.00812517537875346,0.00665194571022506,0.0026880164511859,-0.00363513286898286,0.00275424568980564,0.00104874385266525,-0.00718642570362258,0.00155654199342953,-0.00319287019855016,0.0057683742787713
"4",0.00465825498794171,0.00612353809870555,-0.00227322843013161,0.00387938178811735,0.00605295693537388,-0.00101460004503797,0.00263364801835852,0.00454932134685188,0.00544015995983374,0.0130451250381135,0.00486762363413158,0.00436273593649672,0.000927872131682327,-0.000402884687628475,0.00553227822002717,0.00138974880282187,0.00570325482598771,0.00237006652389228,0.00174768084224529,0.00305829332567983,0.00221096606841588,-0.0014382339954877,0.00271527550851612,0.00120187652943367,-0.0142970134354614,-0.00278246011838313,0.00615592535977888,-0.00854568890653206,0.00122543267370576,-0.00156308662668363,0.00317303108707708,0.00596775910090131,0.0106841061490374,-0.00741258302839462,0.00547926550397658,-0.00804732894503958,0.00237515807845122,0.000707052406431948,-0.000947700710563432,0.0115817398359256,-0.00260525306138082,-0.00323474469670877,0.00113652133405512,-0.00542996266837404,-0.00599242332425543,0.00691344060705642,-0.000424298623258358,0.00221286319553884,0.00870604039921502,0.00602926155365303,0.000172509016171218,0.00902595777930466,0.00968681592424569,-0.00538022160424799,0.00556972957631054,0.00276519304378924,0.0127819326188956,0.00349792865107762,0.00512244932577617,0.00473122560826595,0.000589848924898574,0,0.0024458523287861,0.00408819509648712,0.0170733817509853,-0.00705097929744414,-0.00570359124654896,-0.000796582701023093,0.000367325566825246,0,-0.000550506616208514,0.00406234308813504,-0.00722891794810252,-0.00173078661987264,-0.00135936731405822,0.00237100627351139,-0.0129911365988722,-0.00197466188045252,-0.0102855124442908,0.0105379581303226,0.00159401910361486,0.00778840408690945,0.00364603865967455,0.00843138998008984,0.00626080394694967,-0.00169528887363082,0.00367741101946394,0.00366297001571997,0.00189866370102098,0.0110263705697483,0.0138660316630699,-0.0113518891026268,-0.00458723898076828,0.00620354209123735,-0.00470026259895672,-0.00178973557980447,0.012264006831323,-0.00265631934816194,0.00544879798963318,-0.00984402879512392
"5",0.00726822426252748,0.00955448945940785,-0.00354689343389731,0.00605295693537388,0.00944436244293223,-0.00158306934317584,0.00410925217179853,0.0070982562948606,0.00848822203044865,0.0203541657885104,0.00759489986916321,0.00680712912168363,0.00144774872940059,-0.000628616567620736,0.00863195314338534,0.00216840984309269,0.00889872606993913,0.00369798885147968,0.00272688728582769,0.00477182159610669,0.00344974615251492,-0.00224406075842886,0.00423661465109356,0.0018752747916129,-0.0223074735501367,-0.00434144206238125,0.0096050229483086,-0.0133337448489296,0.00191202918564526,-0.00243886695208888,0.00495084566915,0.00931142919448807,0.0166702938625877,-0.0115657721516835,0.00854923798287591,-0.0125561592566921,0.00370593314831939,0.00110320612946477,-0.00147868704396005,0.0180708618776042,-0.00406494783127339,-0.005047136738663,0.00177330179572447,-0.00847231130821655,-0.00934991251218168,0.0107869656959146,-0.000662028496959986,0.0034527062191965,0.0135839395275523,0.00940739079823284,0.000269163929429809,0.0140831031134854,0.0151142328424468,-0.00839470087038934,0.0086903880846043,0.00431450043491965,0.0199435095380423,0.00545777978151988,0.00799250160619155,0.00738207952259057,0.000920334820285972,0,0.00381623661320812,0.00637876605448833,0.0266394106392053,-0.0110015658088539,-0.00889925098325795,-0.00124289926800335,0.000573134060706624,0,-0.000858949446727602,0.00633842944886541,-0.0112792015375343,-0.0027005274156052,-0.00212100593876902,0.00369945513252269,-0.020269928217788,-0.00308104331492055,-0.016048372468583,0.0164422607089082,0.0024871305572186,0.012152161635071,0.00568887420653397,0.0131554054852626,0.00976866385973735,-0.00264514067074736,0.00573782415607176,0.00571529201601957,0.00296246418752583,0.0172043252913631,0.0216350174087465,-0.0177122282946752,-0.00715741876396592,0.0096793188131302,-0.0073337682781257,-0.00279250483245687,0.0191353956015643,-0.00414462599950172,0.0085016998537819,-0.0153595303638269
"6",-0.00121830383775082,-0.00160152889560105,0.000594532271780455,-0.00101460004503797,-0.00158306934317584,0.000265354973450712,-0.000688795159637402,-0.00118981371143884,-0.00142280054960502,-0.00341177671445922,-0.00127306138662226,-0.00114101481097237,-0.000242672456079977,0,-0.00144689283957436,-0.000363470077179184,-0.00149160946752765,-0.000619858970635391,-0.000457082380157947,-0.00079985541909757,-0.000578248389849979,0.000376150726145755,-0.000710143730031768,-0.000314334615022583,0.00373919125979278,0.000727714959655446,-0.00160999934742518,0.00223500980903859,-0.000320495407216997,0.000408804249865054,-0.000829863534884932,-0.0015607869973243,-0.00279428403082351,0.00193866123140891,-0.00143302807785968,0.00210467047483741,-0.000621190598138679,-0.00018492003174511,0.000247858353762806,-0.00302904802902909,0.000681368841166592,0.000846003898100421,-0.000297241844113142,0.001420133585398,0.00156723759267497,-0.00180811725537611,0,-0.000578744557891568,-0.00227694758175185,-0.00157687213530246,0,-0.00236061766270176,-0.00253345620766649,0.00140712448016966,-0.00145668773727899,-0.000723198988911267,-0.00334294228284694,-0.00091483611584548,-0.00133970761335131,-0.00123738832046253,-0.000154267040073445,0,-0.000639679726946108,-0.00106921235278387,-0.00446531299047698,0.00184408864697496,0.0014916974537933,0.000208335474175312,0,0,0.000143977589241073,-0.0010624511082684,0.0018906261039288,0.000452663923889303,0.000355524208081603,-0.000620104749488298,0.0033976567654886,0.000516446212893673,0.00269003721705888,-0.00275606098538249,-0.000416894222495149,-0.00203695216633657,-0.000953572293308939,-0.00220511646462189,-0.00163742892901288,0.000443379966572697,-0.000961777311374641,-0.000958000461389444,-0.000496569912883649,-0.00288379867919657,-0.00362647378325609,0.00296893366620166,0.00119973055777687,-0.00162245286206256,0.00122929036250029,0.000468081230220166,-0.00320748577041832,0.00069472454052744,-0.00142505970993062,0.00257457311612912
"7",0.00316241212854564,0.00415716855412297,-0.00154325711602564,0.00263364801835852,0.00410925217179853,-0.000688795159637402,0.00178794000266981,0.00308845888453455,0.00369323445855598,0.00885611924330337,0.0033045490334085,0.00296178914098375,0.000629917016257678,-0.000273511739022379,0.00375577201909106,0.000943477435445759,0.0038718452039611,0.00160899889336645,0.00118647156642352,0.00207622466584929,0.00150098823028379,-0.000976393229393963,0.00184335555324945,0.000815934061903899,-0.00970600553368613,-0.00188896607170433,0.00417915572904014,-0.00580152660486629,0.000831925937947756,-0.00106115361202585,0.00215411823096844,0.0040514127736206,0.00725326263930313,-0.00503227979866439,0.0037197825645336,-0.00546319828435034,0.00161245546539439,0.000480006163553912,-0.000643378309919737,0.00786265127641175,-0.00176866313685456,-0.00219601457801273,0.00077156550263361,-0.00368631168634322,-0.00406815690619345,0.00469342027912379,-0.000288049305113359,0.00150227615845401,0.00591038657638001,0.00409316576975774,0.000117113512771526,0.0061275731850021,0.00657621882982395,-0.00365254330206924,0.00378119712433917,0.00187724374086122,0.00867744227073954,0.00237468580393083,0.00347754597325141,0.00321195067363134,0.00040043866188894,0,0.00166044862061157,0.00277540791357672,0.0115908359813646,-0.00478679301714529,-0.00387207359430597,-0.000540786797121677,0.000249371241089217,0,-0.000373729820383162,0.00275785741344921,-0.00490759261880637,-0.00117500235877561,-0.000922851946115924,0.00160963687381212,-0.00881946738643853,-0.00134056523240671,-0.00698266397746182,0.00715404517092857,0.00108215315809332,0.00528741848829961,0.00247523523472807,0.00572393095752703,0.0042503560641339,-0.00115090352701527,0.0024965334099795,0.00248672965181115,0.00128897132760677,0.00748562028353419,0.00941341914935956,-0.00770660942197894,-0.00311420053794197,0.00421148193906423,-0.00319093039963835,-0.00121502183094622,0.00832583103508456,-0.00180333119283141,0.00369909867386304,-0.00668294804299836
"8",0.00546269999014632,0.00718102628517554,-0.00266579759051947,0.00454932134685188,0.0070982562948606,-0.00118981371143884,0.00308845888453455,0.00533495434254902,0.0063796339693524,0.0152979183410154,0.00570822499992767,0.00511614705914632,0.00108810855088844,-0.0004724597912384,0.00648766034840499,0.0016297477899198,0.00668816330629665,0.00277935888229108,0.00204949195448202,0.00358643718802471,0.00259278299522329,-0.00168660600446226,0.00318418281781727,0.00140943141208237,-0.0167659982880255,-0.00326296969586678,0.00721900657848368,-0.0100214640088076,0.00143705552227302,-0.00183301972998164,0.00372098928310681,0.00699834544611176,0.0125291695508618,-0.00869267941342605,0.00642549274182337,-0.00943704109426524,0.00278532970937353,0.000829154948290064,-0.0011113613736598,0.0135818177088548,-0.00305516033569947,-0.00379336036103183,0.00133278987440901,-0.00636767568366375,-0.00702726899216544,0.00810733891420822,-0.000497571749741565,0.00259500774168794,0.0102095069776375,0.00707046890197891,0.000202300003623258,0.0105846716419994,0.0113596549332109,-0.00630934471826692,0.00653157926742717,0.00324272072957831,0.0149892746043394,0.00410199417104416,0.00600705713918139,0.00554827207839784,0.000691711322066336,0,0.00286823231595205,0.00479419511621975,0.0200218241732797,-0.00826862948429736,-0.00668855782411531,-0.000934146439877979,0.000430759882288754,0,-0.00064557489762202,0.00476387866378516,-0.00847729677874869,-0.0020296802291412,-0.00159411965045568,0.00278046091948061,-0.0152346065113121,-0.00231567088165275,-0.0120617417624242,0.0123577828873021,0.00186929400905498,0.00913340189383129,0.00427568164512993,0.0098874265321203,0.00734199689537004,-0.00198805229367022,0.00431247177146607,0.00429553691684474,0.002226548397996,0.0129305404188122,0.0162605892604195,-0.0133122735122025,-0.00537942006178458,0.00727484635521173,-0.00551196199423837,-0.00209880922351191,0.0143819069952255,-0.00311504537956635,0.00638976372081995,-0.0115440172642598
"9",0.00653239450309285,0.00858719986754928,-0.00318780851192252,0.00544015995983374,0.00848822203044865,-0.00142280054960502,0.00369323445855598,0.0063796339693524,0.00762888058072283,0.0182935247880848,0.00682599770794769,0.00611798030030327,0.00130117969674582,-0.000564975881667529,0.00775806045990071,0.001948881601315,0.00799782548861323,0.00332360713887826,0.00245081919229336,0.00428872583429442,0.00310049635093644,-0.00201687367278201,0.00380770285270509,0.00168542333010798,-0.020049081086847,-0.00390191761280813,0.0086326173826388,-0.0119838461790255,0.00171845673591239,-0.00219195782850818,0.00444962563986298,0.00836874684778375,0.014982605387446,-0.0103948617569774,0.00768371932232465,-0.0112849827888843,0.00333074716086055,0.000991518340050222,-0.00132898583875014,0.0162413809111556,-0.00365341545737274,-0.00453616827124911,0.00159377400645684,-0.00761458064848421,-0.00840333414227032,0.00969490110264428,-0.000595005211483164,0.00310315674261138,0.0122087113296186,0.00845499336827736,0.000241913968189352,0.0126573399556924,0.013584078857816,-0.00754482743516374,0.00781057948999934,0.00387770353619497,0.0179244430789459,0.00490523810990579,0.00718334653313115,0.00663472313910081,0.000827160789745692,0,0.00342988358286477,0.00573298439973629,0.0239424560029555,-0.00988777525560007,-0.00799829726008789,-0.00111706904643306,0.000515110383563385,0,-0.00077199002694048,0.0056967314428479,-0.0101373033442207,-0.00242712797623782,-0.00190627683392696,0.00332492497469061,-0.018217815368003,-0.00276912072154184,-0.0144236468648674,0.014777658145064,0.00223533526121541,0.0109218855938313,0.00511293670272997,0.0118235617633519,0.00877969140673152,-0.00237734854530874,0.00515693099483457,0.00513667999231958,0.00266254645910907,0.01546257186121,0.0194447039181022,-0.015919055132378,-0.00643280687294118,0.00869939158792376,-0.0065913028900302,-0.00250979366603336,0.0171981420120212,-0.00372502706556634,0.0076409939189848,-0.0138045426358184
"10",0.0156642274713069,0.0205915077546498,-0.00764414299260104,0.0130451250381135,0.0203541657885104,-0.00341177671445922,0.00885611924330337,0.0152979183410154,0.0182935247880848,0.0438665995136821,0.0163682675265996,0.0146704910494232,0.00312013837211186,-0.00135477285121899,0.0186032891495606,0.00467328246987981,0.0191782290047147,0.00796977865069222,0.00587689388645334,0.0102840661259284,0.00743477450604534,-0.00483632272612891,0.0091306064873573,0.00404152786788354,-0.0480763013602985,-0.00935652692628821,0.0207004157955232,-0.028736429258908,0.00412073967642132,-0.00525616234858557,0.0106698926637044,0.0200676726139857,0.0359272451764304,-0.0249261551819918,0.0184250242745724,-0.0270606034787355,0.00798689992657777,0.00237759198608807,-0.00318681556578855,0.0389457012922337,-0.00876063604921289,-0.010877415871826,0.00382175916705213,-0.0182592345456165,-0.0201506105394582,0.0232476982386386,-0.00142678109456992,0.00744115394016237,0.029275640243118,0.0202744857687915,0.000580092862488691,0.0303514204712766,0.032573675872799,-0.0180919711937493,0.0187292261292773,0.00929846325547092,0.0429815672571775,0.0117624196637402,0.0172251651437946,0.0159096044200656,0.00198347401703737,-0.000115212953097078,0.00822462216828107,0.0137472976692398,0.0574123434943319,-0.023710197036561,-0.0191793602798834,-0.00267865384373199,0.00123519885658295,0,-0.00185117836680724,0.0136603656012304,-0.0243085480300264,-0.00582008399887075,-0.00457111920227366,0.00797293872927055,-0.0436850535924549,-0.0066401588050452,-0.0345869015335975,0.0354357959501522,0.00536017841386237,0.0261899216705852,0.01226046643693,0.0283520783832793,0.0210530890713669,-0.00570071638733167,0.0123659616881184,0.0123174011932239,0.00638460113954547,0.0370781713827519,0.046627046964349,-0.0381727865032924,-0.0154254232638627,0.0208605356934112,-0.0158054856841288,-0.00601831057082944,0.0412399478372887,-0.00893235570267219,0.0183225717303481,-0.0331023326717996
"11",0.00584490862502098,0.007683461025946,-0.00285231540401142,0.00486762363413158,0.00759489986916321,-0.00127306138662226,0.0033045490334085,0.00570822499992767,0.00682599770794769,0.0163682675265996,0.00610761227887676,0.0054741084311458,0.00116424022287861,-0.000505516377206534,0.00694158236677816,0.0017437763250945,0.00715611391162541,0.00297382223670253,0.0021928887222932,0.00383736937616817,0.00277419219780041,-0.00180461273734155,0.00340697048146062,0.00150804507509391,-0.017939064597641,-0.00349126983963163,0.0077240986857732,-0.0107226356062156,0.00153760196092017,-0.00196127058943911,0.00398133567533865,0.00748799855980362,0.0134057977381658,-0.0093008799622392,0.0068750650803518,-0.010097322383811,0.00298021082453925,0.00088716841808653,-0.001189119975495,0.0145320965114582,-0.00326892068558821,-0.00405877033920981,0.00142604116029172,-0.00681320273709296,-0.00751894579909926,0.00867458495452805,-0.000532385343672032,0.00277657260306213,0.0109238353741639,0.00756516827624873,0.000216454324446194,0.0113252491780498,0.0121544557116723,-0.00675079053005821,0.00698857416004108,0.00346960411427224,0.0160380289189861,0.00438899832562095,0.00642735280120237,0.00593646793407777,0.000740108276065495,0,0.00306891387634542,0.00512963048224724,0.0214226907957875,-0.00884716053911976,-0.0071565360326654,-0.000999505847534049,0.00046089885145516,0,-0.000690743825217265,0.00509719287911424,-0.00907042765452026,-0.00217169083031122,-0.00170565539221828,0.00297500138010887,-0.0163005259592122,-0.00247769138581589,-0.0129056654378123,0.0132224196669079,0.00200008287036332,0.0097724384647394,0.00457483818817486,0.0105792199317362,0.0078556942640147,-0.00212715031380563,0.00461420240863829,0.00459608267333923,0.0023823332709005,0.0138352513146294,0.0173982936254209,-0.0142436931207028,-0.00575580185136497,0.00778384540318505,-0.00589761734289361,-0.00224565657182461,0.0153881656309651,-0.0033329957052742,0.00683683620755938,-0.0123517173187203
"12",0.00523865335953978,0.00688650439190065,-0.00255646283497509,0.00436273593649672,0.00680712912168363,-0.00114101481097237,0.00296178914098375,0.00511614705914632,0.00611798030030327,0.0146704910494232,0.0054741084311458,0.00490631391576358,0.0010434809756966,-0.000453082372651443,0.0062215760962583,0.00156290547719374,0.00641385564590435,0.00266536653529291,0.00196543429660492,0.00343934341217974,0.00248644285298199,-0.00161743171461618,0.0030535870624483,0.00135162513322435,-0.0160783593124342,-0.00312914258336767,0.0069229269652607,-0.00961044468704947,0.00137811627092468,-0.0017578404422524,0.00356837700110214,0.00671131600648479,0.0120152994450108,-0.00833615873005812,0.00616195822567035,-0.0090499912354263,0.00267109247547104,0.000795148070235215,-0.00106578010952231,0.0130247743968168,-0.00292985629549757,-0.00363777985888112,0.00127812696390569,-0.00610651247054689,-0.00673905328511572,0.00777482532748551,-0.000477164391802142,0.00248857635391782,0.00979077528037792,0.00678048139815221,0.000194002891523886,0.0101505529787478,0.0108937511828256,-0.0060505738855262,0.00626369372913178,0.00310972410615574,0.0143745059960695,0.00393375539270233,0.00576068429895179,0.00532071580272909,0.000663341543139998,0,0.00275059492284149,0.00459756647759839,0.0192006510807226,-0.00792950074227741,-0.00641423398300868,-0.000895833451296273,0.000413092739593501,0,-0.000619097353389814,0.00456849342110942,-0.00812960977720068,-0.00194643512738418,-0.0015287385866754,0.00266642337363946,-0.0146097758847661,-0.00222069618789987,-0.011567042693101,0.0118509420169154,0.00179262697167471,0.00875880546276617,0.00410031926611121,0.00948190461001453,0.00704087296960101,-0.00190651451589185,0.00413560048588831,0.00411936019569933,0.0021352289648671,0.0124002085283584,0.0155936790800975,-0.0127662852588659,-0.00515878906582396,0.00697647653497531,-0.00528589493672688,-0.00201272887209924,0.0137920489012812,-0.00298728522016949,0.00612769459115807,-0.0110705520956827
"13",0.00111416334396901,0.00146463036107649,-0.000543711710903997,0.000927872131682327,0.00144774872940059,-0.000242672456079977,0.000629917016257678,0.00108810855088844,0.00130117969674582,0.00312013837211186,0.00116424022287861,0.0010434809756966,0.000221928838092144,0,0.00132321258010738,0.000332400690266447,0.00136410683504417,0.000566873485999449,0.000418011022674174,0.000731483855520573,0.000528819773620149,-0.000343997398590353,0.000649440712927185,0.000287465322645074,-0.0034195655538947,-0.000665509955548393,0.00147237675950098,-0.00204396138752974,0.00029309949092078,-0.000373859702272028,0.000758926880483526,0.00142737107630934,0.00255542890312908,-0.00177294465754725,0.00131053297687812,-0.00192476344696314,0.000568091286113026,0.000169113085382997,-0.000226671445744476,0.0027701252975582,-0.000623125498768829,-0.000773687567018211,0.00027183364013366,-0.00129874070438031,-0.00143327027539564,0.00165355956791293,0,0.00052927352926571,0.00208231432350266,0.00144208125825462,0,0.0021588322940554,0.00231689661697517,-0.00128684361620401,0.00133217021090708,0.000661380009545029,0.00305718790103157,0.000836636013472438,0.00122518953661667,0.00113161648695118,0.000141080308463729,0,0.000584999965984863,0.000977816184663698,0.00408361846952964,-0.00168645612844991,-0.00136418730025238,-0.000190526978067364,0,0,-0.00013167039888964,0.000971632890673047,-0.00172901556810104,-0.000413970255618444,-0.000325134033287967,0.000567098255699869,-0.00310722539500853,-0.000472300440750507,-0.00246009309688509,0.00252047315990178,0.000381258144827051,0.00186283369289907,0.000872061026246708,0.00201662332329182,0.00149746166311734,-0.000405479890072004,0.000879564680164671,0.000876110674949565,0.00045412316493581,0.00263729184804901,0.0033164831563101,-0.00271514950462954,-0.00109717770616419,0.00148376574891611,-0.00112421074164943,-0.000428069692100809,0.00293331019813565,-0.000635339554244841,0.00130324574426609,-0.00235449885609391
"14",-0.000483772855628489,-0.0006359466195451,0.000236081153132959,-0.000402884687628475,-0.000628616567620736,0,-0.000273511739022379,-0.0004724597912384,-0.000564975881667529,-0.00135477285121899,-0.000505516377206534,-0.000453082372651443,0,0,-0.000574542621552886,-0.000144329314021618,-0.000592299021991529,-0.000246138060982248,-0.000181501560985563,-0.000317612346113199,-0.000229615032106231,0.000149364637371749,-0.000281988982993255,-0.000124818251096619,0.00148478497517547,0.00028896629330662,-0.000639310127514499,0.000887493779607894,-0.000127264622798384,0.000162330933566942,-0.000329528184688643,-0.000619768533371247,-0.00110957441250797,0.000769817553678882,-0.000569037102191063,0.000835737698773716,-0.000246666833214541,0,0,-0.00120279619043518,0.000270562843039205,0.000335937316271166,-0.000118030930612814,0.000563916864326937,0.000622329982195918,-0.000717980212193462,0,-0.000229812054082945,-0.000904146732209316,-0.000626155735719095,0,-0.00093737105009912,-0.00100600302339621,0.000558751115200589,-0.00057843205002412,-0.000287173059143556,-0.00132743957973549,-0.00036326970865634,-0.00053198074054721,-0.000491351059368434,0,0,-0.00025400862954161,-0.00042457053581514,-0.00177311861765624,0.00073226399124388,0.000592333960211105,0,0,0,0,-0.000421885732184469,0.00075074341956597,0.000179747048572224,0.000141174111136529,-0.00024623565661795,0.00134916600026508,0.00020507417891036,0.00106817933746808,-0.00109439653054549,-0.000165543358119788,-0.000808847625487677,-0.000378651348775134,-0.000875623515274284,-0.000650202063173073,0.000176060507987341,-0.000381909456397496,-0.000380409717624619,-0.000197181554659147,-0.0011451195332916,-0.00144002630840146,0.00117892554662025,0.000476397643950606,-0.000644255258730585,0.000488135463942432,0.000185869063523397,-0.0012736515329441,0.000275866220258011,-0.000565872965308055,0.0010223300213135
"15",0.00664300757715041,0.0087326069727764,-0.00324178769196801,0.00553227822002717,0.00863195314338534,-0.00144689283957436,0.00375577201909106,0.00648766034840499,0.00775806045990071,0.0186032891495606,0.00694158236677816,0.0062215760962583,0.00132321258010738,-0.000574542621552886,0.00788942774272292,0.00198188202478815,0.00813325271405906,0.00337988579786264,0.00249231892790952,0.00436134685375318,0.00315299707365289,-0.00205102540639616,0.00387217870722307,0.00171396261314475,-0.0203885722933251,-0.00396798880640608,0.00877879354291269,-0.0121867687159708,0.00174755537380148,-0.00222907426314804,0.00452497117666386,0.00851045488675852,0.0152363059314827,-0.0105708780114761,0.00781382778623255,-0.0114760714679857,0.00338714672187862,0.00100830772586051,-0.00135148956367575,0.0165163963084456,-0.00371527876252954,-0.00461297923492984,0.00162076139096397,-0.00774351838682645,-0.0085456278481035,0.00985906491931821,-0.000605080438184685,0.00315570251375551,0.0124154415094648,0.00859816182008454,0.000246010298817611,0.0128716667666692,0.0138140981440045,-0.00767258404193974,0.00794283607786321,0.00394336471269301,0.0182279577776974,0.00498829853530786,0.00730498218169374,0.00674706894454616,0.000841167108202168,0,0.00348796182149237,0.00583006105787117,0.0243478737494987,-0.0100552050114261,-0.00813373247404284,-0.00113598438308366,0.000523832750679753,0,-0.000785062138549972,0.00579319422945324,-0.0103089583606205,-0.00246822654835493,-0.00193855583062649,0.00338122594859645,-0.0185262977414288,-0.00281601025880129,-0.0146678825609951,0.0150278883162552,0.00227318620617522,0.0111068259460201,0.00519951408961052,0.0120237702033558,0.00892835797230951,-0.00241760420203284,0.00524425333731883,0.00522365942446065,0.00270763137376382,0.0157243996803343,0.019773961202472,-0.016188612585384,-0.00654173362907903,0.00884669843620354,-0.00670291346014588,-0.00255229201675586,0.0174893582505885,-0.00378810297050056,0.00777037891338981,-0.0140382950364402
"16",0.00166877215141867,0.00219369482214333,-0.000814360808465103,0.00138974880282187,0.00216840984309269,-0.000363470077179184,0.000943477435445759,0.0016297477899198,0.001948881601315,0.00467328246987981,0.0017437763250945,0.00156290547719374,0.000332400690266447,-0.000144329314021618,0.00198188202478815,0.000497863278334902,0.00204313264316554,0.000849052063985164,0.000626088766427862,0.00109560226865536,0.000792055954913351,-0.000515232602145287,0.000972719647973372,0.00043055996010404,-0.00512175866956967,-0.000996787846524165,0.00220529722679481,-0.00306140554753303,0.000438998707587341,-0.000559959778847819,0.00113670589682331,0.00213788859127264,0.00382747162842468,-0.00265548196908159,0.00196289076208456,-0.00288287319426479,0.000850876061271139,0.000253294284770045,-0.00033950407561668,0.00414903970546893,-0.0009333052328575,-0.00115881416555988,0.000407147130561523,-0.00194522852606432,-0.00214672429674094,0.0024766693075856,-0.000152000637193906,0.000792735581279593,0.00311884982787415,0.00215992121521909,0,0.00323345695351033,0.00347020261710551,-0.00192740929916275,0.00199529858969503,0.000990602093856405,0.00457899648064303,0.00125309712235118,0.00183506501984893,0.00169491312897014,0.00021130733761097,0,0.000876201552582725,0.00146455403241001,0.00611636419009627,-0.0025259411350952,-0.00204325316238684,-0.000285367596065533,0.000131590623100025,0,-0.000197213358366716,0.00145529281512846,-0.00258968583469803,-0.000620036584250559,-0.000486979421075336,0.000849388719663681,-0.00465394166433403,-0.000707402399202544,-0.00368467951508315,0.00377511559719675,0.000571041021976599,0.00279011601509017,0.00130615601636466,0.00302045912749429,0.00224286890674874,-0.000607319880137147,0.00131739484302321,0.0013122215013,0.000680176829601444,0.00395008435254181,0.00496736386263064,-0.00406669803381181,-0.00164333139401429,0.00222235543327023,-0.00168382094792958,-0.000641154445540673,0.00439345487052507,-0.000951599207205681,0.0019519760870419,-0.00352652251832287
"17",0.00684831158460247,0.0090024906340839,-0.00334197604742903,0.00570325482598771,0.00889872606993913,-0.00149160946752765,0.0038718452039611,0.00668816330629665,0.00799782548861323,0.0191782290047147,0.00715611391162541,0.00641385564590435,0.00136410683504417,-0.000592299021991529,0.00813325271405906,0.00204313264316554,0.00838461316434067,0.00348434211391718,0.00256934474156484,0.0044961354982888,0.00325044133021706,-0.00211441292032396,0.00399184947335284,0.00176693310715893,-0.021018686823443,-0.00409062061045252,0.00905010461309024,-0.0125634042122008,0.00180156406148082,-0.00229796442680021,0.00466481667667044,0.00877347287570397,0.0157071882284198,-0.010897573953463,0.00805531631976542,-0.01183074266696,0.003491827438821,0.00103946975818696,-0.00139325772669977,0.0170268401565685,-0.00383010049197818,-0.00475554464859605,0.00167085147513503,-0.00798283398870269,-0.00880973286725842,0.010163762078573,-0.000623780618388822,0.00325323038270285,0.0127991442023456,0.0088638904163391,0.000253613315920205,0.013269469228746,0.0142410267114286,-0.00790970739804445,0.00818831164873703,0.00406523550223502,0.0187912979118108,0.00514246329694211,0.00753074469947652,0.00695558899766717,0.000867163612984848,0,0.0035957582572898,0.00601024072573549,0.0251003515986739,-0.0103659639350947,-0.00838510775144095,-0.0011710922982172,0.000540021948373747,0,-0.00080932470355104,0.00597223451767238,-0.0106275596025296,-0.00254450778028064,-0.00199846744085348,0.0034857236823843,-0.0190988581555774,-0.00290303984358554,-0.0151211975746595,0.015492329408492,0.00234343966176629,0.0114500855088474,0.00536020652703484,0.0123953681849571,0.00920429137301594,-0.00249232093618463,0.00540632845370869,0.0053850980802128,0.00279131147878865,0.0162103666511165,0.020385081004899,-0.0166889261858532,-0.0067439077368361,0.00912010812610361,-0.00691006887566968,-0.00263117131549853,0.0180298717597046,-0.00390517535246801,0.00801052464735332,-0.0144721524715407
"18",0.00284591071713845,0.00374110965308322,-0.00138880442752962,0.00237006652389228,0.00369798885147968,-0.000619858970635391,0.00160899889336645,0.00277935888229108,0.00332360713887826,0.00796977865069222,0.00297382223670253,0.00266536653529291,0.000566873485999449,-0.000246138060982248,0.00337988579786264,0.000849052063985164,0.00348434211391718,0.00144796661800098,0.00106772678867052,0.00186843137059592,0.00135076590818282,-0.000878673570276121,0.00165886832937929,0.000734273521876011,-0.00873460638466049,-0.00169991404322326,0.00376089630143672,-0.00522089660342465,0.000748664894527776,-0.000954950940686977,0.00193852917023681,0.00364593815205895,0.00652733958774243,-0.00452863777032269,0.00334749824991957,-0.00491642895210983,0.00145107724842453,0.0004319660530074,-0.000578987542720139,0.00707573922155213,-0.00159165130020449,-0.00197623243540773,0.000694345469111624,-0.00331737721348215,-0.00366100649369226,0.00422369208359194,-0.000259220674334876,0.00135192493756721,0.00531886162095093,0.00368351241320814,0,0.00551431169892063,0.00591805586536587,-0.00328698844604786,0.00340276630064621,0.00168936490996035,0.00780898407665954,0.00213702183793208,0.00312950524863099,0.002890491331758,0.000360361848204272,0,0.00149426713931477,0.00249763876579595,0.0104307987065334,-0.00430771986524168,-0.00348454764643594,-0.000486663622278525,0.000224413599086561,0,-0.000336326088412711,0.00248184475971016,-0.00441642956752563,-0.0010574054454567,-0.000830490820622808,0.00144854074791,-0.00793679499517397,-0.00120639840945841,-0.0062838230565395,0.00643805202967061,0.000973848804336367,0.00475824159856358,0.00222750805259242,0.00515106690527344,0.00382497074476374,-0.00103571847968832,0.00224667465793662,0.0022378520822237,0.00115996814020799,0.00673644234951001,0.00847130271233783,-0.00693531439145363,-0.00280252425237291,0.00378998723070606,-0.00287157481468109,-0.00109341967766778,0.00749256289461804,-0.00162284969814772,0.00332888445015573,-0.00601410337570239
"19",0.00209856710305127,0.0027586844519009,-0.00102410074449423,0.00174768084224529,0.00272688728582769,-0.000457082380157947,0.00118647156642352,0.00204949195448202,0.00245081919229336,0.00587689388645334,0.0021928887222932,0.00196543429660492,0.000418011022674174,-0.000181501560985563,0.00249231892790952,0.000626088766427862,0.00256934474156484,0.00106772678867052,0.000787338935215625,0.00137777639510215,0.000996051240035348,-0.000647931587522241,0.00122324515782047,0.000541451370336728,-0.0064408758526975,-0.00125351215961904,0.00277327507453155,-0.00384987547023108,0.000552063530807142,-0.000704178320523208,0.00142946632881538,0.00268850523651133,0.00481324310238861,-0.00333940562126647,0.00246843643495129,-0.00362536182222914,0.00107002055939119,0.000318530635208304,-0.000426943896346367,0.00521763155488216,-0.00117367949669779,-0.00145726861772375,0.000512008528888598,-0.00244622526163629,-0.00269961659213425,0.00311453947120186,-0.000191148645779344,0.000996905905265319,0.0039221146173668,0.00271621239819222,0,0.00406623899254342,0.00436395888257665,-0.00242381666418597,0.00250919095068723,0.0012457332564026,0.00575832438904008,0.00157583430168032,0.00230768896720936,0.00213144073141599,0.000265729882277066,0,0.00110186867172332,0.00184175227902976,0.00769164362474827,-0.00317650133713483,-0.00256949630070543,-0.000358864479414305,0.000165481999728343,0,-0.000248005976009854,0.00183010582034171,-0.00325666358664664,-0.000779728003784295,-0.000612401754225619,0.00106815015056051,-0.0058525718253317,-0.000889595024895376,-0.0046336746505907,0.00474740269110906,0.000718113555642753,0.00350871488236847,0.00164255859918631,0.00379838323385359,0.00282052340108749,-0.000763736092073067,0.00165669200372718,0.00165018625952241,0.000855357466054208,0.00496743493081106,0.00624671641490441,-0.00511408265325231,-0.00206657403765876,0.00279472664952095,-0.00211749174130789,-0.000806284804215412,0.00552499623881316,-0.00119668511356317,0.00245471066779635,-0.00443478406493685
