"","V1","V2","V3","V4","V5","V6","V7","V8","V9","V10","V11","V12","V13","V14","V15","V16","V17","V18","V19","V20","V21","V22","V23","V24","V25","V26","V27","V28","V29","V30","V31","V32","V33","V34","V35","V36","V37","V38","V39","V40","V41","V42","V43","V44","V45","V46","V47","V48","V49","V50","V51","V52","V53","V54","V55","V56","V57","V58","V59","V60","V61","V62","V63","V64","V65","V66","V67","V68","V69","V70","V71","V72","V73","V74","V75","V76","V77","V78","V79","V80","V81","V82","V83","V84","V85","V86","V87","V88","V89","V90","V91","V92","V93","V94","V95","V96","V97","V98","V99","V100"
"1",0.00584252467143826,0.00675620156002974,-0.00284039687753197,0.00382141650923793,0.00706773865953726,-0.000662788971517399,0.00255039026209181,0.00590570409487559,0.00613203022113318,0.0165170932786797,0.00602340275525515,0.00361600611858448,0.0008294843923944,-0.000738312062994163,0.00591051148514367,0.00157681584390731,0.00692825792433203,0.0029659083612387,0.00148177349591872,0.00332451103647937,0.00226049983793725,-0.00132116313955186,0.00341060143362772,0.000863218675725183,-0.0177728646284499,-0.00278564217149593,0.0078631501206062,-0.0103132603569033,0.00161223478624371,-0.00124570416042743,0.00365730252893309,0.0072282339024352,0.0144747820636869,-0.00867138042317851,0.00665683416613092,-0.010255998107115,0.00260140568999906,0,0,0.0138996542481073,-0.00303099378786584,-0.00292303599729973,0.000985943908418434,-0.00592395346077765,-0.00724479574161394,0.00816230935046772,-0.000424439847579151,0.00217940216999032,0.0104484778219399,0.00732369625332262,0,0.0112859727639222,0.0118031465813605,-0.00603644213246041,0.0067000217664735,0.00287487705531934,0.0155918507565382,0.00397304033540208,0.00590901716138362,0.00521589971408521,0.000402825213683955,0,0.00268612464738849,0.00489510327385342,0.020988462037966,-0.00877710606755085,-0.00621582211970099,0,0,0,0,0.00526247895817,-0.00851509359139953,-0.00141696999142263,-0.000661650204007061,0.00314679266123746,-0.0164822616417622,-0.00175008066599591,-0.0128646504435629,0.0141307111635092,0.00105911647051048,0.00918741161291955,0.00426824485010148,0.0106436237382542,0.00730551949001326,-0.00164480391857809,0.00465559207021216,0.00380322737915489,0.000791994406797031,0.0143199830278655,0.0178247996163723,-0.0144453609586611,-0.00510327581974043,0.00828032661685024,-0.00611391196824922,-0.00140664154440594,0.0155130972228498,-0.0019913035886916,0.00646270715640195,-0.0120402829871452
"2",0.00675620156002974,0.00781276281859698,-0.00328458926479141,0.00441902458836875,0.00817301930976583,-0.00076643850649484,0.00294923027910596,0.00682926122912721,0.00709098112134644,0.0191001010097748,0.00696536606694797,0.00418149131639755,0.000959202410100529,-0.000853772194779966,0.00683482041791209,0.0018234044806975,0.0080117260309553,0.00342972872584778,0.00171349903812599,0.00384441109180097,0.00261400565515438,-0.00152777180524883,0.00394396464240224,0.00099821219276864,-0.020552254801069,-0.0032212718033953,0.00909282033010394,-0.0119260884002651,0.00186436237594399,-0.00144051225545676,0.00422924582112132,0.00835861342727898,0.0167384051688904,-0.0100274448525808,0.00769785596249806,-0.0118598712556048,0.00300822369941577,0,-0.00037992010797025,0.0160733366131972,-0.00350499246637816,-0.00338015181373946,0.00114012967796654,-0.00685036450233713,-0.00837776527172791,0.0094387632518974,-0.000490815413133235,0.00252022561629955,0.0120824517020223,0.00846900455444746,0,0.0130509173828262,0.0136489688671895,-0.00698044459302532,0.00774779740891333,0.00332446158781231,0.0180301654385898,0.00459435994225707,0.00683309240595039,0.00603158253785965,0.000465820598142354,0,0.0031061913391378,0.00566061869400266,0.024270719926395,-0.0101497042872625,-0.0071878767251578,0,0,0,0,0.00608544602654788,-0.00984671727399838,-0.00163856130781356,-0.00076512165406159,0.00363890042105872,-0.0190598222650687,-0.00202376513420331,-0.0148764748604204,0.0163405271138938,0.00122474525187664,0.0106241750206529,0.00493572969504392,0.0123081153009595,0.008447985237708,-0.00190202479673992,0.00538365179036315,0.00439799097089113,0.000915849593737313,0.0165593980536239,0.0206123115857903,-0.0167043830762418,-0.00590134607785998,0.00957523652057556,-0.00707002946512186,-0.00162661765780418,0.0179390961188889,-0.00230271144222642,0.00747337061074824,-0.0139231895927835
"3",-0.00284039687753197,-0.00328458926479141,0.00138088495566546,-0.00185781663424563,-0.00343604587891619,0,-0.00123989558355604,-0.00287111213286207,-0.00298114265194034,-0.0080299361685223,-0.00292833241454375,-0.00175795449158719,0,0,-0.00287344928966918,-0.00076658346371599,-0.00336823604206782,-0.00144190351296104,-0.000720377755800056,-0.00161624148777655,-0.00109896269890426,0.000642295560109231,-0.00165809512280544,0,0.00864044091114131,0.0013542654538574,-0.00382274244545669,0.00501388597606228,-0.0007838027069157,0.000605610486320053,-0.00177803111968957,-0.00351407211113984,-0.00703704786693369,0.00421567100919487,-0.00323628089619547,0.00498604740889388,-0.00126469720105576,0,0,-0.00675744421210615,0.00147354538919792,0.0014210607205874,-0.000479325660802728,0.00287998422923139,0.00352212380093748,-0.00396818144489088,0,-0.00105953632490233,-0.00507962318507323,-0.00356048200731161,0,-0.00548677902127952,-0.00573820780914143,0.00293467162719265,-0.00325727694363381,-0.00139764780988202,-0.00758012104258916,-0.00193152994597566,-0.00287272281048753,-0.00253575741559692,0,0,-0.00130588409808558,-0.00237979928817775,-0.0102037330416888,0.00426707049949027,0.0030218788508336,0,0,0,0,-0.00255840234170275,0.00413969073457925,0.000688872938589158,0,-0.00152984207202655,0.0080130024492308,0.000850817743812821,0.00625426763348885,-0.00686977464765366,-0.000514899172011557,-0.00446654429813705,-0.00207504632441469,-0.00517449515952492,-0.00355164520735766,0.000799636488883058,-0.00226335872297444,-0.00184897382207139,0,-0.00696179089794875,-0.00866568958116413,0.00702274452727344,0.00248100427790008,-0.00402555661979882,0.00297233429736556,0.000683851669479353,-0.00754183429092568,0.000968090476911147,-0.00314190427251182,0.00585349384461729
"4",0.00382141650923793,0.00441902458836875,-0.00185781663424563,0.00249947153984055,0.00462279146694405,-0.000433509973912345,0.00166813218610818,0.00386274023576798,0.00401077322561236,0.0108033250160382,0.00393972332598725,0.00236511889228573,0.000542540345057858,-0.000482907315785604,0.00386588460255629,0.00103134696673039,0.00453156138847478,0.00193990985300098,0.000969182676786383,0.00217446088367455,0.00147852373513326,-0.000864132360032847,0.00223076997665242,0.000564604906954834,-0.0116246866084504,-0.00182200325743142,0.00514304575081986,-0.00674558784229101,0.00105451341250438,-0.000814776952086343,0.00239212960993831,0.00472776649150194,0.00946751177897508,-0.00567168444645345,0.00435403141831314,-0.006708134357881,0.00170149981558241,0,0,0.00909133828327344,-0.00198248023786211,-0.00191186835235532,0.000644875724227841,-0.00387467658727064,-0.00473859908344124,0.00533871664382823,0,0.00142548023346555,0.00683402944626992,0.00479020549248301,0,0.00738180924655727,0.00772007680643013,-0.00394825198339556,0.00438227910543892,0.0018803690628699,0.0101981522101029,0.00259864404232566,0.00386490721113598,0.00341156030977066,0,0,0.00175691189180283,0.00320173717991732,0.0137279104232952,-0.00574083635347566,-0.00406557894104097,0,0,0,0,0.00344202636722757,-0.00556946201476115,-0.000926796688559668,-0.000432765140949039,0.00205822073556453,-0.0107805427087574,-0.00114467418207556,-0.0084143739830378,0.00924246553745636,0.000692735656795819,0.00600920464853292,0.00279172827722649,0.00696166841542297,0.00477831662811338,-0.0010758158848076,0.00304508023463876,0.0024875745867429,0.000518019293295209,0.00936626246906735,0.0116586556939767,-0.00944826833495244,-0.00333789646864256,0.00541590812447939,-0.00399892263112061,-0.000920041167588176,0.0101466419348842,-0.00130245071038058,0.00422705888476204,-0.00787518046913899
"5",0.00706773865953726,0.00817301930976583,-0.00343604587891619,0.00462279146694405,0.00854988768874477,-0.000801779966802488,0.0030852230612586,0.00714416720346763,0.007417955334827,0.0199808311087833,0.00728654800952688,0.00437430523184276,0.0010034324606738,-0.000893140723211013,0.0071499827335612,0.00190748399462233,0.00838115697044931,0.00358787790624961,0.00179251067145333,0.00402168180674526,0.00273454080092636,-0.00159821931820232,0.00412582589895848,0.00104424103433962,-0.0214999455696428,-0.0033698087683509,0.00951210191115421,-0.0124760155976225,0.00195033051083041,-0.00150693611890765,0.00442426175788841,0.00874403978851201,0.0175102344505312,-0.0104898231663549,0.00805281395149162,-0.0124067450956872,0.00314693674366983,0,-0.000397438710313593,0.0168144987326798,-0.0036666121541671,-0.00353601493928286,0.00119270251638472,-0.00716624357561008,-0.00876407474901612,0.0098739967037575,-0.000513447539904836,0.00263643644447429,0.0126395890113141,0.00885952119181625,0,0.0136527118839571,0.0142783402875611,-0.0073023218257369,0.00810505826190867,0.00347775676577421,0.0188615594392676,0.00480621175836807,0.0071481750407567,0.00630970652699604,0.000487300182010111,0,0.00324942179662376,0.00592163706559486,0.0253898738802322,-0.0106177201400191,-0.00751931891892257,0,0,0,0,0.0063660537300741,-0.010300762007856,-0.00171411746650212,-0.000800402392618436,0.00380669477599332,-0.019938695059616,-0.00211708353425285,-0.0155624481529181,0.0170940097292739,0.00128121982268616,0.0111140693260827,0.00516332250728979,0.0128756582475687,0.00883753264748455,-0.00198972959404397,0.00563189886360779,0.00460078796244886,0.000958080590471637,0.0173229730881132,0.0215627716495593,-0.0174746435556542,-0.00617346469716868,0.0100167629294924,-0.00739603757092312,-0.00170162307950711,0.0187662907966985,-0.0024088924134926,0.0078179772929099,-0.0145652056817188
"6",-0.000662788971517399,-0.00076643850649484,0,-0.000433509973912345,-0.000801779966802488,0,0,-0.000669956185596239,-0.000695631123895278,-0.00187373573622209,-0.000683308182968766,0,0,0,-0.000670501546622619,0,-0.000785956962496642,0,0,0,0,0,0,0,0.00201619322646498,0,-0.000892013209084247,0.00116995915453454,0,0,0,-0.00081998690352178,-0.00164205141722883,0.000983700649209204,-0.000755166048694786,0.001163463197773,0,0,0,-0.00157680764081098,0,0,0,0.000672026434185215,0.000821865715332257,-0.000925950496375331,0,0,-0.00118529852400626,-0.000830816364571829,0,-0.00128030580980534,-0.0013389751559925,0.000684787398871664,-0.000760065345971749,0,-0.00176877417009431,-0.000450710517419184,-0.000670332027217273,-0.000591703244992102,0,0,0,-0.000555311384513174,-0.0023809777365392,0.000995694401060884,0.000705136662921026,0,0,0,0,-0.000596987297866017,0.000965971123991639,0,0,0,0.00186978435798972,0,0.00145939451109258,-0.00160301925033483,0,-0.00104224037317329,-0.000484199173041197,-0.00120743631005654,-0.00082875435218218,0,-0.00052814070175948,-0.000351183187002224,0,-0.00162449067088821,-0.00202208484681177,0.00163871382174784,0.00057892694034662,-0.000939338637120264,0.000693575749058206,0,-0.00175984019436771,0,-0.00073314384966993,0.00136587643640432
"7",0.00255039026209181,0.00294923027910596,-0.00123989558355604,0.00166813218610818,0.0030852230612586,0,0.00111330133029143,0.00257796946720614,0.00267676578916026,0.00721007376518903,0.00262934751593921,0.0015784660418442,0,0,0.00258006799858004,0.000688314726863329,0.00302433665874911,0.00129468410116234,0.000646826655793402,0.0014512220402086,0.000986757797073377,-0.000576716709853146,0.00148880238824207,0,-0.0077582455234573,-0.00121599395250933,0.00343243762324127,-0.00450196452113373,0.000703775872636481,-0.000543777209146001,0.0015964928314147,0.00315528275764294,0.00631856009125598,-0.00378524789091286,0.00290585423056176,-0.00447696829219878,0.00113557068435803,0,0,0.00606750417574003,-0.00132309531850566,-0.00127596937325759,0,-0.0025859357159947,-0.00316251236397567,0.00356302719360006,0,0.00095135688492639,0.00456098991263616,0.00319695416919723,0,0.00492657483776699,0.00515233256100803,-0.00263503949030271,0.00292470656607612,0.00125494693799773,0.00680618509526545,0.00173431931436124,0.00257941569345848,0.0022768547138331,0,0,0.00117255236883372,0.00213682002621243,0.0091619243748499,-0.0038313994553519,-0.00271334279211145,0,0,0,0,0.00229718757628727,-0.00371702525835628,-0.000618538503648451,0,0.00137364406850957,-0.00719486899112255,-0.000763948624855758,-0.00561570229679512,0.00616836559099614,0.000462327586910477,0.00401050683208345,0.00186318256474603,0.00464617538854658,0.00318901961303401,-0.000717993013790622,0.00203226812856881,0.0016601922315768,0,0.0062509869142919,0.00778091628565477,-0.006305717133121,-0.00222769191186498,0.0036145443208468,-0.00266885677408202,-0.000614029909816974,0.0067718074491759,-0.000869247725438761,0.00282111352974074,-0.00525584780726061
"8",0.00590570409487559,0.00682926122912721,-0.00287111213286207,0.00386274023576798,0.00714416720346763,-0.000669956185596239,0.00257796946720614,0.00596956672288122,0.00619834027640182,0.0166957044936753,0.00608853814356909,0.00365510859475113,0.000838454204009909,-0.000746295962606058,0.00597442609891956,0.00159386708827294,0.00700317816270505,0.0029979808625577,0.00149779697898496,0.00336046136656914,0.00228494424929579,-0.00133544982726267,0.0034474827211308,0.000872553280420865,-0.0179650554026788,-0.00281576532478926,0.00794818002102745,-0.0104247850623604,0.00162966904111959,-0.00125917485589818,0.00369685157290093,0.00730639799691623,0.0146313082979081,-0.008765150299448,0.00672881930409535,-0.0103669035946604,0.00262953656164504,0,0,0.014049961211408,-0.00306377010473715,-0.00295464488889736,0.000996605629365876,-0.00598801343230866,-0.00732313893117958,0.00825057427491053,-0.00042902962106954,0.00220296961390908,0.0105614647311463,0.00740289265089662,0,0.011408016108581,0.0119307824986553,-0.00610171852494294,0.00677247392303738,0.00290596516962311,0.0157604566583557,0.00401600367946994,0.00597291561596142,0.00527230299095177,0.000407181252584564,0,0.00271517164608281,0.00494803754797299,0.0212154253808642,-0.00887201923129102,-0.00628303827706385,0,0,0,0,0.00531938592992036,-0.00860717342569608,-0.00143229270756343,-0.000668805103773373,0.00318082119465311,-0.0166604961972037,-0.00176900554756072,-0.0130037651659569,0.0142835167115002,0.00107056945902536,0.00928676170576954,0.00431440045301011,0.0107587209006768,0.00738451932916594,-0.00166259036691801,0.00470593633733923,0.00384435441353281,0.000800558812221221,0.0144748353087221,0.018017552000997,-0.0146015690413028,-0.00515846121339552,0.00836986774691732,-0.0061800260978119,-0.001421852571617,0.0156808515060381,-0.00201283698729876,0.00653259305932024,-0.0121704832310345
"9",0.00613203022113318,0.00709098112134644,-0.00298114265194034,0.00401077322561236,0.007417955334827,-0.000695631123895278,0.00267676578916026,0.00619834027640182,0.00643588118963546,0.0173355391454781,0.00632187107567472,0.00379518445294028,0.00087058654403057,-0.000774896493811961,0.00620338587981241,0.00165494935011049,0.00727156312740928,0.00311287341123887,0.00155519751628383,0.00348924536781868,0.00237251087511207,-0.00138662868440825,0.00357960166869041,0.000905992409902877,-0.0186535357823205,-0.00292367477100804,0.00825278058449252,-0.0108242973275075,0.0016921233522793,-0.0013074306037037,0.00383852716016409,0.00758640334919473,0.0151920284552251,-0.00910105986780258,0.00698668992932776,-0.0107641976504025,0.00273030910532298,0,0,0.0145884022243613,-0.00318118391491275,-0.00306787665964442,0.00103479885541942,-0.00621749392478521,-0.00760378585146435,0.00856676358697939,-0.000445471456052546,0.00228739470039654,0.0109662150135522,0.00768659599767147,0,0.0118452090414914,0.0123880095697654,-0.0063355565728842,0.00703201753774568,0.00301733137241864,0.0163644495178407,0.00416991023171311,0.00620181751014826,0.00547435509062161,0.000422785785778527,0,0.00281922600961172,0.00513766272268865,0.0220284706953974,-0.00921202437080405,-0.00652382509799682,0,0,0,0,0.00552324240363577,-0.00893702879741295,-0.00148718290439044,-0.000694435928807371,0.00330272078998307,-0.0172989815505613,-0.00183679969479118,-0.0135021124839894,0.0148309083441853,0.00111159722381993,0.0096426611495239,0.00447974255718039,0.0111710306923322,0.00766751854944427,-0.00172630633223774,0.00488628339241248,0.00399168279781998,0.000831238875411082,0.0150295589032351,0.0187080442240274,-0.0151611494918825,-0.00535615051938206,0.0086906287796436,-0.0064168651511099,-0.00147634266788219,0.0162817936326274,-0.00208997556227725,0.00678294364542834,-0.0126368964275156
"10",0.0165170932786797,0.0191001010097748,-0.0080299361685223,0.0108033250160382,0.0199808311087833,-0.00187373573622209,0.00721007376518903,0.0166957044936753,0.0173355391454781,0.0466946030558132,0.0170284441672908,0.010222620136961,0.0023449915666363,-0.00208724308394696,0.0167092952130903,0.00445773288805055,0.0195865124805324,0.00838476306280381,0.00418904367997129,0.0093985497680427,0.00639053984010967,-0.00373499061441866,0.00964193138815792,0.00244035997940275,-0.0502447279910569,-0.00787514202764942,0.0222294968887726,-0.0291560742832681,0.0045578639114183,-0.00352166451534283,0.0103393670400827,0.0204345587431207,0.0409208927611805,-0.0245144021393235,0.0188191846925687,-0.0289941911977378,0.00735429679012808,0,-0.000928802346412391,0.0392949792543824,-0.00856876263886697,-0.00826356086442558,0.00278731001043157,-0.0167472963132794,-0.02048137984495,0.0230752341654942,-0.00119991150194453,0.00616127290133044,0.0295383404453325,0.0207044353192381,0.000638704956226997,0.0319059782141155,0.0333680530301071,-0.0170653071027009,0.0189412780791535,0.00812741326015764,0.044078898732249,0.0112319727361354,0.0167050706892207,0.0147455949190842,0.00113880591073038,0,0.00759380128525061,0.0138386882263868,0.0593353737900043,-0.0248132935310164,-0.0175724228015126,-0.000214170559816963,0,-0.000732120957067782,0,0.0148772766427678,-0.0240725718820475,-0.00400584111109213,-0.0018705163866688,0.00889613152485478,-0.0465961323726122,-0.00494756072606405,-0.0363689745997476,0.0399481880706043,0.00299417230053413,0.025973246692831,0.0120665298462515,0.0300900271705033,0.0206530487505938,-0.00464993838726988,0.0131615787378859,0.0107519034859404,0.00223900560612248,0.0404832685733681,0.0503915506556037,-0.04083771790726,-0.0144272018488085,0.0234088745533327,-0.0172843179885707,-0.00397664210340414,0.0438562587717682,-0.00562950932520274,0.0182703784644531,-0.0340384488528691
"11",0.00602340275525515,0.00696536606694797,-0.00292833241454375,0.00393972332598725,0.00728654800952688,-0.000683308182968766,0.00262934751593921,0.00608853814356909,0.00632187107567472,0.0170284441672908,0.00620988062393308,0.00372795365746217,0.000855164309192323,-0.000761169385594118,0.00609349436530793,0.00162563231357022,0.00714274910545937,0.00305772959457982,0.00152764755990046,0.00342743421091562,0.0023304824057736,-0.00136206488503526,0.00351618987127583,0.000889942968519943,-0.0183230928052596,-0.0028718825635379,0.00810658452723057,-0.0106325474589981,0.0016621477870778,-0.00128426977960955,0.00377052855887287,0.00745201200713783,0.0149229052622326,-0.00893983674355307,0.00686292236874354,-0.0105735124334667,0.00268194232491267,0,0,0.0143299721273634,-0.00312482999382835,-0.00301352994980353,0.00101646763830143,-0.00610735248959891,-0.00746908658248862,0.0084150053950477,-0.000437580034509125,0.00224687404397339,0.0107719511067811,0.00755042976653034,0,0.011635373963292,0.0121685589085148,-0.00622332368579448,0.00690744700929286,0.00296388006039305,0.0160745571628609,0.00409604125764172,0.00609195377894165,0.00537737818421936,0.000415296235521563,0,0.00276928408726012,0.00504665024199698,0.0216382415441185,-0.00904883553661365,-0.00640825707848764,0,0,0,0,0.00542539947003944,-0.00877871144480172,-0.00146083781077947,-0.000682134160479318,0.00324421387188569,-0.0169925341815265,-0.00180426122238068,-0.013262925752965,0.0145681823085983,0.00109190554175932,0.00947184368659241,0.00440038497670152,0.0109731385242259,0.00753169027078898,-0.00169572522362646,0.0047997240371356,0.00392097108061061,0.000816513675221432,0.0147633138199515,0.0183766356428064,-0.0148925733124264,-0.0052612675790181,0.00853667634510311,-0.00630319190177663,-0.00145018960649854,0.0159933655071159,-0.00205295213921994,0.00666278540210185,-0.0124130367944119
"12",0.00361600611858448,0.00418149131639755,-0.00175795449158719,0.00236511889228573,0.00437430523184276,0,0.0015784660418442,0.00365510859475113,0.00379518445294028,0.010222620136961,0.00372795365746217,0.00223798802486213,0.000513377487789048,-0.00019574315124006,0.00365808394421072,0.000975909569937025,0.00428797899099822,0.00183563500105167,0.000917086761103809,0.00205757834587829,0.00139904950423224,-0.000817683153247477,0.00211086068876024,0.000534256026056328,-0.0109998315549137,-0.00172406617049622,0.00486659458820237,-0.00638299616181792,0.000997830763154801,-0.000770980717988624,0.0022635468510364,0.00447363759464129,0.00895861009596455,-0.00536681767388554,0.00411999168660866,-0.00634755589288584,0.00161004008043691,0,0,0.00860265683653361,-0.00187591712464543,-0.00180910079896617,0.000610212092530968,-0.00366640333845752,-0.00448388790853352,0.00505174769690871,0,0.00134885721922014,0.00646668381542807,0.00453272034812813,0,0.00698501912504106,0.00730510398448047,-0.00373602387888327,0.00414672099215172,0.00177929467256383,0.00964997683472663,0.00245896063262326,0.00365715908994595,0.00322818068227552,0,0,0.00166247362338417,0.00302963605372324,0.0129900019969073,-0.00543225249845899,-0.00384704422845655,0,0,0,0,0.00325700911537279,-0.00527008994542088,-0.000876979122378871,-0.000274364227745613,0.00194758638719625,-0.0102010624338623,-0.00108314517304379,-0.0079620810066554,0.00874566063486055,0.000655499437834078,0.00568619534782264,0.00264166612235875,0.00658746188092067,0.00452147053900639,-0.00101798817598933,0.00288139979858679,0.00235386142922468,0.00049017450193458,0.00886280318163218,0.0110319747198393,-0.00894040103365471,-0.00315847645097969,0.00512478994856132,-0.0037839708565978,-0.000870586727017592,0.00960123536152935,-0.00123244083090804,0.00399984423419068,-0.00745187044974651
"13",0.0008294843923944,0.000959202410100529,0,0.000542540345057858,0.0010034324606738,0,0,0.000838454204009909,0.00087058654403057,0.0023449915666363,0.000855164309192323,0.000513377487789048,0,0,0.00083913672662124,0,0.000983629875421915,0,0,0.000471992875029442,0,0,0.00048421544057866,0,-0.0025232779742475,0,0.00111635990721309,-0.00146421093308713,0,0,0.000519240488764214,0.00102621855170876,0.00205503724508588,-0.0012311072911174,0.000945094861226167,-0.0014560812040498,0,0,0,0.00197338426568344,0,0,0,-0.00084104513259612,-0.00102856989601292,0.00115883262679337,0,0,0.00148340824642931,0.00103977168748062,0,0.00160231043720304,0.00167573547754857,-0.000857015556809844,0.000951226361295694,0,0.00221363153403809,0.000564066928922045,0.000838924572063776,0.000740520177223841,0,0,0,0.000694975544505594,0.00297980798711278,-0.00124611754384452,-0.000882482783409903,0,0,0,0,0.000747133201241819,-0.00120891868345415,0,0,0,-0.00234004639296407,0,-0.00182644102620765,0.0020061882529764,0,0.00130437010846954,0.000605978183264633,0.0015111138190927,0.0010371910665475,0,0.000660971271285275,0.000539957968369087,0,0.00203305986520432,0.00253065137261951,-0.00205086022422617,-0.000724530554958934,0.00117558796562418,-0.000868014230034506,0,0.00220245060957238,0,0.000917533946421724,-0.00170940259211438
"14",-0.000738312062994163,-0.000853772194779966,0,-0.000482907315785604,-0.000893140723211013,0,0,-0.000746295962606058,-0.000774896493811961,-0.00208724308394696,-0.000761169385594118,-0.00019574315124006,0,0,-0.000746903466112857,0,-0.000875514728431608,0,0,0,0,0,0,0,0.00224593323726891,0,-0.000993655810399584,0.00130327297846509,0,0,0,-0.000913422293345241,-0.00182915893519039,0.00109579079751974,-0.000841215269527691,0.0012960368242081,0,0,0,-0.00175648079895901,0,0,0,0.000748602110674776,0.000915515190908996,-0.00103146016392548,0,0,-0.00132036022947014,-0.000925485743511999,0,-0.0014261933501046,-0.0014915479167607,0.000762817154328695,-0.000846672829075634,0,-0.0019703214184499,-0.000502067816800102,-0.000746714630409095,-0.000659126301528978,0,0,0,-0.00061858768254007,-0.00265228400011371,0.00110915120641789,0.000785485164459122,0,0,0,0,-0.000665012458580409,0.00107604103869482,0,0,0,0.00208284145637049,0,0.00162568874635963,-0.0017856791536897,0,-0.00116100097183523,-0.000539372418236941,-0.00134502055906417,-0.000923188770136238,0,-0.000588320970662061,-0.000480608779637119,0,-0.00180959718715951,-0.00225249619253755,0.00182544102932455,0.000644894169967318,-0.00104637384872988,0.000772606914320753,0,-0.00196036943926361,0,-0.000816683697802106,0.00152151452859579
"15",0.00591051148514367,0.00683482041791209,-0.00287344928966918,0.00386588460255629,0.0071499827335612,-0.000670501546622619,0.00258006799858004,0.00597442609891956,0.00620338587981241,0.0167092952130903,0.00609349436530793,0.00365808394421072,0.00083913672662124,-0.000746903466112857,0.00597928943061108,0.00159516453579243,0.00700887892420684,0.00300042129367159,0.001499016223042,0.00336319686584414,0.00228680425084187,-0.00133653691669349,0.00345028905795646,0.000873263560529941,-0.0179796794053584,-0.00281805742791569,0.0079546500375857,-0.0104332710971245,0.00163099563232068,-0.00126019985560199,0.00369986090218472,0.00731234558691749,0.0146432185473874,-0.00877228535016691,0.00673429673065085,-0.0103753425124678,0.00263167706991856,0,0,0.0140613982298752,-0.00306626408993325,-0.00295705004344902,0.00099741689117764,-0.00599288782442807,-0.00732910014871841,0.0082572904479253,-0.000429378861869945,0.00220476288605964,0.0105700620265661,0.00740891878995028,0,0.011417302517913,0.011940494452853,-0.0061066854758406,0.0067779868855403,0.00290833069767047,0.015773286062732,0.00401927280651983,0.00597777771808217,0.00527659477694069,0.000407512708268692,0,0.00271738186344857,0.00495206537381256,0.0212326952656859,-0.00887924127598298,-0.00628815282675714,0,0,0,0,0.00532371604259462,-0.00861417987930391,-0.00143345862951156,-0.000669349527790471,0.00318341046235261,-0.0166740582561882,-0.00177044556214948,-0.0130143505547781,0.0142951438499632,0.00107144092923719,0.00929432136116864,0.00431791248246793,0.010767478767533,0.00739053051187797,-0.00166394375689849,0.00470976708676164,0.00384748381380377,0.00080121048703951,0.0144866181852897,0.0180322187372155,-0.0146134550822863,-0.00516266032934125,0.0083766810277904,-0.00618505679302483,-0.00142300999503436,0.0156936161098371,-0.00201447548675429,0.00653791075282369,-0.0121803903076002
"16",0.00157681584390731,0.0018234044806975,-0.00076658346371599,0.00103134696673039,0.00190748399462233,0,0.000688314726863329,0.00159386708827294,0.00165494935011049,0.00445773288805055,0.00162563231357022,0.000975909569937025,0,0,0.00159516453579243,0,0.00186984009141956,0.000800457260957885,0,0.000897239116711329,0.000610077348416553,0,0.000920473713031542,0,-0.00479664804408278,-0.000751805932963201,0.00212215444357573,-0.00278340499144233,0,0,0.000987054894569121,0.00195079942007708,0.00390654160293144,-0.00234028451889269,0.00179658660830863,-0.00276795070963755,0.000702083078651571,0,0,0.00375132263461264,-0.000818022908975577,-0.00078888660845295,0,-0.00159879233735855,-0.00195526922925888,0.0022028933432851,0,0.000588190220006508,0.00281989829754425,0.00197656337587376,0,0.00304592649048722,0.00318550448377792,-0.00162915145944092,0.00180824233871802,0.000775889182338223,0.00420802284822793,0.00107226812065864,0.0015947612386712,0.00140769851595279,0,0,0.00072494754252693,0.00132112003523205,0.00566449289337188,-0.00236881839431963,-0.00167756361375215,0,0,0,0,0.00142026960365896,-0.00229810488484717,0,0,0.000849275408281502,-0.00444833231551566,0,-0.00347198955699842,0.00381368167039577,0,0.00247955413291962,0.00115193969795578,0.00287256545601127,0.00197165772121435,0,0.0012564793050797,0.00102643797445141,0,0.0038647635042444,0.00481066457228153,-0.00389860125742006,-0.00137730289916172,0.00223474455589466,-0.00165005948659806,0,0.00418676836892884,-0.000537425038875439,0.00174419443850447,-0.00324950428914228
"17",0.00692825792433203,0.0080117260309553,-0.00336823604206782,0.00453156138847478,0.00838115697044931,-0.000785956962496642,0.00302433665874911,0.00700317816270505,0.00727156312740928,0.0195865124805324,0.00714274910545937,0.00428797899099822,0.000983629875421915,-0.000875514728431608,0.00700887892420684,0.00186984009141956,0.00821575612692333,0.00351707168769835,0.00175713574909678,0.00394231453495043,0.00268057505887855,-0.00156667870581405,0.00404440335952445,0.00102363309816408,-0.0210756474511945,-0.00330330611069019,0.00932438204319835,-0.0122298033490075,0.00191184103822142,-0.00147719696641523,0.00433694963268724,0.00857147750839436,0.0171646726672753,-0.010282808119832,0.00789389290693526,-0.0121618998897718,0.00308483243113146,0,-0.000389595318504139,0.0164826671867897,-0.00359425212734501,-0.00346623222840654,0.00116916471569907,-0.0070248188610393,-0.00859111708203492,0.00967913489774042,-0.000503314731689214,0.00258440677680952,0.0123901486665426,0.00868467990396905,0,0.0133832777151441,0.0139965594384444,-0.007158211627833,0.00794510618392306,0.00340912377099014,0.0184893294652354,0.00471136190866338,0.00700710690594174,0.0061851854393173,0.000477683387880255,0,0.00318529495733077,0.00580477446903957,0.0248888086249678,-0.0104081810663954,-0.00737092631676563,0,0,0,0,0.0062404206390106,-0.0100974780542125,-0.00168028962198594,-0.000784606574527197,0.0037315702401786,-0.0195452079798136,-0.00207530321637847,-0.0152553256326148,0.0167566620768636,0.0012559351465774,0.0108947348776262,0.00506142513189,0.0126215591127345,0.00866312530017722,-0.00195046258658857,0.00552075420589786,0.00450999211975597,0.000939173017401637,0.016981106879038,0.0211372336680884,-0.0171297841532337,-0.0060516323210433,0.00981908365397243,-0.00725007790720438,-0.00166804180979624,0.018395940934672,-0.00236135329227582,0.00766369071368538,-0.0142777635881773
"18",0.0029659083612387,0.00342972872584778,-0.00144190351296104,0.00193990985300098,0.00358787790624961,0,0.00129468410116234,0.0029979808625577,0.00311287341123887,0.00838476306280381,0.00305772959457982,0.00183563500105167,0,0,0.00300042129367159,0.000800457260957885,0.00351707168769835,0.0015056183588353,0.000752209814789767,0.0016876599817074,0.00114752367288958,-0.000670677322307758,0.00173136304555116,0,-0.0090222447946817,-0.00141410774835891,0.00399166182427775,-0.00523543961631933,0.000818437388236649,-0.000632371208135953,0.00185659877538383,0.00366935196235023,0.00734800100368744,-0.00440195311905385,0.00337928570660992,-0.00520637091828535,0.00132058165276738,0,0,0.00705604221995351,-0.00153865842659435,-0.00148385456495793,0.000500506107571255,-0.00300724499920411,-0.00367775944029172,0.00414352748357493,0,0.00110635512590567,0.00530408162173495,0.00371781261944674,0,0.00572922886382763,0.00599176778931177,-0.00306434892441636,0.00340120952758822,0.00145940708433601,0.0079150715018921,0.00201688040923699,0.00299966271282109,0.00264780748791937,0,0,0.00136358851678716,0.00248495788131174,0.0106546156924692,-0.00445562385050565,-0.00315540966166863,0,0,0,0,0.0026714530482311,-0.00432261542735512,-0.000719312862422217,0,0.0015974427477687,-0.0083670810761664,-0.00088841368620899,-0.00653063126998894,0.0071733363138343,0.000537651541425051,0.00466391199922682,0.00216673849074456,0.00540314579987826,0.00370858533889403,-0.00083497083350921,0.00236337203932759,0.00193067629455994,0,0.00726941857905535,0.0090486091531709,-0.00733306562792093,-0.00259063491806349,0.00420343795324665,-0.00310367583301002,-0.000714069713426177,0.00787509293488916,-0.00101086846793086,0.00328073876779902,-0.0061121480851981
"19",0.00148177349591872,0.00171349903812599,-0.000720377755800056,0.000969182676786383,0.00179251067145333,0,0.000646826655793402,0.00149779697898496,0.00155519751628383,0.00418904367997129,0.00152764755990046,0.000917086761103809,0,0,0.001499016223042,0,0.00175713574909678,0.000752209814789767,0,0.000843158158120666,0.000573305024069229,0,0.000864992292492602,0,-0.00450753077376487,-0.000706490938585977,0.00199424189000064,-0.0026156356562901,0,0,0.000927560302898214,0.00183321526587461,0.00367107537021166,-0.0021992242064305,0.00168829760913458,-0.00260111287909625,0.00065976512215974,0,0,0.00352521220286251,-0.000768716695901991,-0.000741336581698823,0,-0.00150242535939098,-0.00183741565795146,0.00207011426415343,0,0.000552737139173164,0.0026499293336204,0.00185742630294469,0,0.0028623337097734,0.00299349865961255,-0.00153095458976042,0.00169925079207154,0.000729122573572015,0.00395438487685001,0.00100763731405273,0.00149863723459669,0.00132284969056004,0,0,0.000681251433766641,0.00124148971530066,0.00532306639970051,-0.00222603820662389,-0.0015764487084401,0,0,0,0,0.00133466305776449,-0.00215958694375477,0,0,0.000798085455311452,-0.00418020972559262,0,-0.0032627158862879,0.0035838125567412,0,0.0023300993645216,0.00108250669849803,0.00269942198669294,0.00185281633591364,0,0.00118074519585239,0.000964569573310307,0,0.00363181544040849,0.00452070245774431,-0.00366361362788286,-0.00129428616519522,0.00210004564950833,-0.00155060238859065,0,0.00393441150823082,-0.000505031822026471,0.00163906336982284,-0.00305364088592217
"20",0.00332451103647937,0.00384441109180097,-0.00161624148777655,0.00217446088367455,0.00402168180674526,0,0.0014512220402086,0.00336046136656914,0.00348924536781868,0.0093985497680427,0.00342743421091562,0.00205757834587829,0.000471992875029442,0,0.00336319686584414,0.000897239116711329,0.00394231453495043,0.0016876599817074,0.000843158158120666,0.00189171193160788,0.00128626870775921,-0.000751767717798724,0.00194069905473527,0.000491188343349692,-0.0101131082759451,-0.00158508498699088,0.00447428651610884,-0.00586844725641008,0.000917393189020753,-0.000708830079875343,0.0020810768126699,0.00411300674524745,0.00823643466267378,-0.00493418539750411,0.00378786909732762,-0.00583586391408802,0.00148025081845878,0,0,0.00790917566458552,-0.00172469486496492,-0.00166326476643824,0.000561021405850529,-0.00337084561340797,-0.00412243075630953,0.0046445139806502,0,0.00124012254539206,0.00594538864392989,0.00416732669371852,0,0.00642193967866097,0.00671622171605776,-0.00343485387208361,0.00381244368828825,0.00163586138466022,0.00887206864057453,0.0022607378121983,0.00336234656633978,0.00296794915551075,0,0,0.00152845756548667,0.00278540969423512,0.0119428462193844,-0.00499434536110221,-0.0035369246002091,0,0,0,0,0.00299445365822817,-0.00484525512740262,-0.000806283694080652,0,0.00179058669327294,-0.00937872988402631,-0.000995830196023853,-0.00732023821639181,0.00804065157756945,0.000602658027674605,0.00522781725734859,0.00242871496631019,0.00605643049466988,0.00415698375917776,-0.000935925663590097,0.00264912312556072,0.00216411091219721,0.000450660338517407,0.00814835097762911,0.0101426603018649,-0.00821969347733622,-0.0029038639524904,0.00471166811805622,-0.00347893572685663,-0.000800406605317203,0.00882725633653949,-0.00113309076638551,0.00367740702440259,-0.00685115697821185
"21",0.00226049983793725,0.00261400565515438,-0.00109896269890426,0.00147852373513326,0.00273454080092636,0,0.000986757797073377,0.00228494424929579,0.00237251087511207,0.00639053984010967,0.0023304824057736,0.00139904950423224,0,0,0.00228680425084187,0.000610077348416553,0.00268057505887855,0.00114752367288958,0.000573305024069229,0.00128626870775921,0.000874597850188702,-0.00051116413379397,0.00131957748089168,0,-0.0068764035877664,-0.00107777784970271,0.00304228917683474,-0.00399024816777461,0.000623781101145707,-0.000481968705503259,0.00141502727653961,0.00279663715326769,0.00560036017804038,-0.00335499722185374,0.00257555995052559,-0.00396809313828899,0.00100649590225937,0,0,0.00537784056417096,-0.00117270552570434,-0.00113093615684368,0,-0.00229200501343184,-0.00280304500550364,0.0031580352675488,0,0.000843220787093479,0.00404256443086134,0.00283357197868058,0,0.0043665951003216,0.00456669204406577,-0.00233552740116804,0.00259226943299514,0.00111230323928424,0.00603255922573964,0.00153718769527826,0.00228622609006252,0.00201805574155737,0,0,0.00103927405900131,0.00189393811400163,0.00812053310913872,-0.00339590296302036,-0.00240493034850497,0,0,0,0,0.00203607746668925,-0.00329452912325328,-0.000548232248231875,0,0.00121750864579546,-0.00637706331856549,-0.000677114310051685,-0.00497739280160107,0.00546723755420399,0,0.00355465207765309,0.0016514036883914,0.00411806728913063,0.0028265393048237,-0.000636382249194517,0.00180127012071749,0.00147148627651439,0,0.00554046771458228,0.00689649747497851,-0.00558897701632812,-0.00197448103554734,0.00320369669416384,-0.0023655008392096,-0.000544236124275135,0.00600208911903904,-0.000770444575360796,0.00250045131193023,-0.00465844121706727
"22",-0.00132116313955186,-0.00152777180524883,0.000642295560109231,-0.000864132360032847,-0.00159821931820232,0,-0.000576716709853146,-0.00133544982726267,-0.00138662868440825,-0.00373499061441866,-0.00136206488503526,-0.000817683153247477,0,0,-0.00133653691669349,0,-0.00156667870581405,-0.000670677322307758,0,-0.000751767717798724,-0.00051116413379397,0,-0.000771235236684494,0,0.00401895669283889,0.000629913943701953,-0.00177808476374826,0.00233212527090413,0,0,-0.000827021461293501,-0.00163451191616545,-0.00327316521384614,0.00196084891864305,-0.00150530197491431,0.00231917662661722,-0.000588252767754455,0,0,-0.0031431122464724,0.000685395012247889,0.000660982645754912,0,0.00133957653462051,0.00163825702511691,-0.00184573328379335,0,-0.000492825614811093,-0.00236270183509108,-0.00165609870377868,0,-0.00255208356801165,-0.00266903146686795,0.0013650134638595,-0.00151506793549934,-0.000650092521611259,-0.00352576662579347,-0.000898418875104862,-0.00133619900704289,-0.00117946518489447,0,0,-0.000607410164602314,-0.00110692386826031,-0.00474609590199951,0.00198475653257799,0.00140557644654986,0,0,0,0,-0.00118999809383603,0.00192550796366974,0,0,-0.00071158047344895,0.00372711417788248,0,0.00290906806989501,-0.003195360871328,0,-0.00207753843646021,-0.000965173120124445,-0.00240682994852958,-0.00165198841395859,0,-0.00105276348528283,-0.00086001927372896,0,-0.00323816069239923,-0.00403070068975028,0.00326651225443716,0.00115399767791612,-0.00187242038756161,0.0013825316254809,0,-0.00350795818309623,0,-0.00146140426560739,0.00272265483963694
