"","V1","V2","V3","V4","V5","V6","V7","V8","V9","V10","V11","V12","V13","V14","V15","V16","V17","V18","V19","V20","V21","V22","V23","V24","V25","V26","V27","V28","V29","V30","V31","V32","V33","V34","V35","V36","V37","V38","V39","V40","V41","V42","V43","V44","V45","V46","V47","V48","V49","V50","V51","V52","V53","V54","V55","V56","V57","V58","V59","V60","V61","V62","V63","V64","V65","V66","V67","V68","V69","V70","V71","V72","V73","V74","V75","V76","V77","V78","V79","V80","V81","V82","V83","V84","V85","V86","V87","V88","V89","V90","V91","V92","V93","V94","V95","V96","V97","V98","V99","V100"
"1",0.0140509944456349,0.00812708668931976,-0.000534602881827148,-0.0014580093497891,0.00336737213630245,0,-0.00449125419896752,0.00081417925014711,-0.00284760150717013,0.00701225620908645,0.000789475474035684,-0.00147100601349009,0.000794932569511561,-0.00164686597676991,-0.0033135518495907,0.000251300633482554,0,0,0.00529698217796089,0,0,-0.00143008715140402,0.000377573273552645,0,-0.00805361022737486,-0.00519527790810494,0,-0.00293204302681785,0.00214341611250031,0,0.000716434033302668,0.00329912625619869,0.00795419207845753,-0.00450331659540511,0.000967430233717023,-0.00963925357672259,0,-0.00716872658121791,0,0.00282785005180247,0,0.00590571960925612,0.00172821144643359,-0.000999369256344501,0,0.00349120506720274,-0.000848763753762624,-0.00173941023618897,0.00132930900287787,0.00584588226201826,0.000388509212102289,0.00668875764793765,0.00723643333749605,-0.00342814214004473,0.00211020364252876,-0.00181057326951543,0.00766029327601744,0.00439466466102906,-0.00697831306674485,-0.00070758145126848,0.000202157294415126,0,0.00650890761676748,-0.00214831755402915,0.00804663356589763,-0.00109630948489071,0.00288643778128055,0.00192634319310718,-0.000292122026681316,-0.00427147401701378,-0.000971372807934162,0,0.000626051448482851,0,0.00666679898366039,0.00637719263196521,-0.00642725040408766,-0.00179337553502112,0,0.00871477198064223,0,0.00546464069192712,0.00756336616622232,0.00506783187114332,0,-0.00272559747625596,0.00297586842711207,-0.00482606941461061,-0.00505889798049179,0.00555133225766706,0.00698785072018461,-0.0145517670793287,0.00122382141711021,0.00287685873062353,-0.00200311505386912,0.000960499888209204,0.00309446849112056,0.00234226811345201,0.00102658151022052,0.000615084243233685
"2",0.00812708668931976,0.00992558475696284,0.0013521791364707,0.000484646004727904,0.00571345783254487,-0.000724093243227128,-0.000728270788789898,-0.00142381896570053,0,0.00736731727973373,-0.000649881863200294,0.00983700216435593,0,0.00233695457192527,0.00449239944944238,0,0.00106842799562072,-0.00363279600560397,0.00393499044442994,0,0,-0.000943208512680663,0,0,-0.00870233689536078,-0.00476570495372529,-0.00223799309168608,-0.00417624297463384,-0.00120485820573805,-0.00305763096464517,0,0.0047480604828144,0,-0.00498868910634311,0,-0.00741045461589171,0,0,0,0.0104076578448573,0,0.00141723404367523,0.000354130902023339,-0.00450619729309301,-0.00151579432283913,0.00785599504336447,0.00101949008806124,-0.000971833740824879,0.00354792990623527,0.00432725145342018,-0.000697203034613889,0.00713220728938614,0.00839804471355994,-0.00411628597713751,0.00132020312351586,-0.00108342671415788,0.0106911245279203,0.0034447397273652,-0.00316968225421728,0,0.000218220766972518,-0.00299394195612745,0.00432832295399727,-0.00091248241135905,0.0135849548195638,0,-0.00428395583353426,-0.000373403843203682,0.000567732619072989,-0.0018545843282308,-0.00160658866943901,-0.00291165807705068,-0.00139655734103954,0,0,0.000766620474906804,-0.00614022042709385,-0.00295650666087498,-0.00186385667072943,0,0.00265686627994086,0.00767939948344633,0.0058073204903849,0.00388529922580326,0.00130548528477629,-0.00202674357792196,0,-0.00114042137344321,0.00644945843544102,0.0038270329049812,0.00685615772162347,-0.0108211432416915,-0.00103473935165183,-0.00196942437640674,0.000749895852903637,-0.00133902909393763,0.00422280010053112,-0.00170104480122416,0.00279918411685848,-0.00241730026821597
"3",-0.000534602881827148,0.0013521791364707,0.00100988620952588,0,0.000721661002884538,0,0,-0.00193031866469907,0,-0.00295032326327258,-0.00157161127531698,0.00464943813642359,-0.000339092916472078,0.00174483866435855,0.001896003159395,0,-0.000932703982411492,-0.00209144302598865,0,0,0,0,-0.000325723116801208,0,0.00268476588959057,-0.000515654212946332,-0.0028628255821532,0.000805703823644324,-0.00110148902616912,-0.00150054187553322,0,0,-0.00677462657919081,0,-0.00113740129884164,0.0014224898545271,0,0.00216597566866537,0,0.000899042759175142,0,0,-0.00069275030613021,-0.000968634701357579,0,0.00132705798466227,0.000800862550784681,0,-0.000782147112253023,-0.000540950049750633,-0.000387704404408246,-0.00130546737820142,0,0,-0.00101910177012225,-0.000492647447678379,-0.000732684439049988,0,-0.000731869988511991,0,0,-0.00149976096892887,0,0,-0.00158331385384858,0.00144006393313793,-0.00163737790108665,-0.000540150133039971,0,0,0,-0.0024659910942601,0.000903807863573511,0,-0.0015358846193011,-0.00144143352331631,0.00324445780559915,-0.000722361423930465,0.00266563870669434,-0.00645271823481028,0.00113017314830251,0,0,-0.00203318679371087,0,0,-0.00115438788286716,0,0.00412194483301874,-0.00393303876304474,-0.00377578763400375,0.0024496141475393,0,-0.0035602389277615,0.00185370922027063,-0.000865103718110674,-0.00322176939155605,-0.000805425389265174,0,0.00165015202011772
"4",-0.0014580093497891,0.000484646004727904,0,0.00162007774980846,0,-0.000470394680763486,0.000344070194636489,0,0.00112278254519853,0.000372275120658808,0.000346080299559251,0.000461723455264268,0,0,0.000430976175806938,-0.000735545787042061,0.000338302422540265,0,0,0,0,0,0,0,-0.00120922716393569,0,0.000471335176667517,-0.00035182871343542,-0.000793356973751269,0.000748492804140868,0,0,0,-0.000605016940264505,0.000464299873787474,0.000686437917811061,-0.000379538211495709,0,-0.000286807079686341,0,0,-0.00145571505289172,0.00122227122277134,-0.000420805384365341,0,-0.000914233403547779,0,0.000590871777078408,0.000719025176040736,0,0,0,0,-0.000820137174622607,0.000804586642095081,0.00138817596814211,0,-0.000757672627088701,0.00114605415743511,0.000851448896739729,0,0.000835307301988233,-0.000964637036094521,0,0.00110185298583926,0,0,-0.000764324956803591,0.00045369962059652,0.00180076284567958,-0.00110565602711364,0.000417006809448714,-0.00134047004637024,-0.000236926892391381,-0.000920247256592954,-0.00117821406616102,0,0,-0.000889606798481726,0.000333305150301777,0,0,-0.000540385838839988,0.000307643421357834,0.00104756298893642,0,0,0.000357370764552223,0.000502769539847694,0,0,0,-0.000607580411494307,-0.000502535966446213,0,0,0.000984714752041524,-0.00221416115764554,0,-0.000761430336707336
"5",0.00336737213630245,0.00571345783254487,0.000721661002884538,0,0.00509841618620162,0,0.00154979267400435,0,0.00131683459876467,0.00949967855407166,0,0.00886804299382291,-0.000494395329267899,0.00235728949969252,0.00625922849540159,0,0.00217426991028578,-0.00239839893361862,0.00160521631373012,0.000377324681052962,0,0,0,0,-0.00930080587917292,-0.00178203299073829,0,-0.00483822059885237,-0.000844102665868374,-0.00332244404315095,0,0.00476067877233569,0.00330672574754962,-0.00354119114201465,0,-0.00628042535939596,0.000260976598071463,0.0032368359213992,0,0.0120439946613585,0,0,-0.00141849374930318,-0.00408082024251931,-0.00326241865235841,0.00827769919300948,0.00141705395210538,0,0.00470035455435217,0.00265724417819241,0,0.00741470914014727,0.00787794853066565,-0.00206424821301511,0.00081586361581043,-0.00108072282181954,0.0112214866156817,0.00216052628698508,0.000748386408811669,0,0,-0.00307791982276932,0.00213108403675806,0.00129337642370339,0.0153490356489927,-0.00300750781313315,-0.00628053092328926,0,0,-0.00134159087910359,0,-0.00112147292126426,-0.00241737180230071,0,-0.0020069483697015,0,-0.00915021376213462,-0.00173121287574823,-0.00576861497619259,0.00206256072472738,0.0020790686219113,0.00673006265257065,0.00280885548463125,0.00441218779501419,0.00141619760149399,0,0,0.0014327081224587,0.00724803853973631,0.00680456025774573,0.0107135239155523,-0.00870446533951949,-0.00128694744350359,0.000634362142189107,0,-0.00185517988866969,0.00762706186936243,-0.000570100660689354,0.00299120429985333,-0.00593756279679654
"6",0,-0.000724093243227128,0,-0.000470394680763486,0,0.000261961195405558,0,0,0,0,0,0,0,0,0,0,0,0,0,0,0,0,0,0,0.000444165326023829,0.00050637504272652,0,0,0,0,0,0,0,0.000323304013777032,0,0,0,0.000368947360219973,0,0,0,0,-0.000617885623407366,0,0,0,0,0,0,0,0,0,0,0.000503322852278859,-0.000345184746993077,-0.000369969875531909,0,0,0,0,0,0,0,0,0,0,0,0,0,0,0.000466560497481991,0,0.000301068332757282,0,0,0,0,0,0,0,0,0,0,0,-0.000286464391103289,0.0003026419696429,0,0,0,0,0,0.000331042968178541,0,0.000423709731324162,0,0,0,0.000763891673091974,0,0
"7",-0.00449125419896752,-0.000728270788789898,0,0.000344070194636489,0.00154979267400435,0,0.00320264429372383,0,0.0021397989481305,0.00324726920974626,0,0.00582199211267927,-0.000642517021813643,0.00215929316044576,0.00539240935156558,0,0.00127670250357106,-0.00102612995937883,-0.00152354280519723,0.000384728697952627,0,0.000496868162560948,0,0,-0.00244685053098204,0.00166624042705121,0.00084642397486287,-0.0018854602058615,-0.00116923050962307,-0.00202788204383811,0,0.00145663161078993,-0.000598545805333098,0,0,0.000371976478536359,0,0.00534003675746987,0,0.00636484341090768,0,-0.00297851373609201,-0.00195172925587873,-0.00193274205085085,-0.00233407479319697,0.00364848834059908,0.00129636762012339,0.000605088207172616,0.00251338808706172,-0.00106146047645,0,0.00175336032568753,0.00173565943448518,0.000562366076307622,-0.000454779445489384,0,0.00385666613036123,-0.000654068838676317,0.00402754496715027,0,0,-0.00175808917330056,-0.00167855022311832,0.0020631294404731,0.00634463296857864,-0.00187718172118856,-0.00530542708705718,-0.00107079965313447,0,0.00111390130310118,0.000679291518968742,0,-0.0018752076399971,0,-0.00419626360330218,-0.00290353261763462,-0.00359454491879681,0,-0.0041621729576556,-0.00184874357519582,0.00113857920664034,0.00170650750023406,-0.00197075475345775,0,0.000781487712240889,0.00120114395960216,-0.00122644200563637,0.00338185539182946,0.00650070907557246,0.00237082873483761,0.00439436658181395,0.00102110489633433,-0.00123795596344757,0,0,-0.00165168499522468,0.0039504899590059,-0.000985395216879931,0.00128735787954327,-0.00453864365721383
"8",0.00081417925014711,-0.00142381896570053,-0.00193031866469907,0,0,0,0,0.00478333204807582,0.00133714015112522,0.0111976066556009,0.00385006228403444,-0.00620319572179409,0,-0.00270458657800521,-0.000601036693999024,0.000305973119801559,0.00334755314767342,0.00367314091490031,-0.000908044529556437,0,0,0,0.000788932893309141,0,-0.0102571752529531,0.00107629594799356,0.0071228787505903,-0.00409076788290462,0.00177630002111658,0.00178209813772147,0,0.00181566528421173,0.0168887752717139,-0.00163849128962011,0.00288901678271972,-0.00532553638757678,0,-0.00227930147939923,0,0.00396952426917957,0,0,0,0,-0.00314092344879009,0.000747117963100966,-0.00103806945710122,0,0.00423521833884169,0.00179682592061753,0.000623747856689921,0.00614949451578513,0.00454676432708048,0,0.00257611452869769,0.000892979558394319,0.00659228228659597,0,0.00329949595039479,0,0,0.00203374239389459,0,0.00220131233882219,0.010877605081498,-0.00488628938599278,0,0.000749060275000615,-0.000523208682624426,0,0.000644526030610743,0.00536974420622335,-0.00361622867803994,0,0.00148331102161457,0.0021608785817797,-0.0117238904152857,0.00104195811745907,-0.00953396992701709,0.01528761473367,-0.00152774154369721,0.00131905972921884,0,0.00652581079462475,0.00208660655326495,0,0.002231165811009,0.000639665768269237,-0.00515287962341431,0.0123424346796971,0.0138144372434784,-0.00829398907576372,0,0.00848063309260791,-0.00444569699415527,0.000950265983127169,0.0114630794203431,0.00120990495248025,0.00160042412111437,-0.00729748323873516
"9",-0.00284760150717013,0,0,0.00112278254519853,0.00131683459876467,0,0.0021397989481305,0.00133714015112522,0.00238061061989649,0.00597081623025908,0.00136997607982119,0.00236673841166962,0,0,0.00356405188081725,0,0.00202781291264634,0,-0.00122916476785255,0,0,0,0,0,-0.00579067354026294,0.000605079361810992,0.00271390716845592,-0.00276815987855145,-0.00085042906413603,0,0,0.00151341820736982,0.00486525714263157,-0.00117249700257861,0.00117260752479854,-0.00144688374873726,0,0.00254704383448655,0,0.00571527916277505,0,-0.00244849860877132,0,-0.00162871642826766,-0.0024413632198514,0.00227669675043135,0,0.00070526904738559,0.00339623341386243,0,0,0.00330753566565729,0.00284046266597356,-0.000460398500181161,0.00109071675867545,0.00110855334274995,0.00484042693971046,-0.00079114382835771,0.00384304110713132,0.000643126440174044,0,0,-0.00154218359962199,0.00172814112088698,0.00845628838953807,-0.00236836482066187,-0.00349933859377151,-0.000894370675339248,0,0.00151390689085246,0,0.00152110066325467,-0.00311879871000752,0,-0.00266707412188184,-0.0018604939970578,-0.00590105833608973,0,-0.00591740347101491,0.00366659333420397,0.000620145015504101,0.00165662971258805,-0.00118145692478035,0.00281372151481946,0.00180586223970719,0,0,0.00224094830257646,0.00302358336927661,0.0055645103076471,0.00700394906688455,-0.00228572176090644,-0.0012836048340279,0.00194589948545133,-0.000874309120202615,-0.000597028837480848,0.00664159709264149,-0.00177581139780317,0.00170492386892443,-0.00540881244629675
"10",0.00701225620908645,0.00736731727973373,-0.00295032326327258,0.000372275120658808,0.00949967855407166,0,0.00324726920974626,0.0111976066556009,0.00597081623025908,0.0413532015906744,0.00954445138256277,0.000490804526181526,0,-0.00251311395539056,0.00886897574034719,0.000283225863299541,0.0113608714844207,0.00429184824218422,0,0.000587107154402508,0,0,0.00170068301200174,0,-0.039788955910707,-0.00133008735629493,0.0169779501381703,-0.017451904322136,0.00179482526846411,-0.000670908710931159,0.000743346601605507,0.0117487461424731,0.0440823132972457,-0.0102571777162747,0.00787798140435762,-0.0222916284916288,0.00031092880520911,0,0,0.0287024611106801,-0.000260359616497743,-0.000926451882007545,0.000664734687426463,-0.00653895013542671,-0.0123078924164245,0.0143655276873574,-0.00043692045817191,0.000398886145045393,0.0178153532456514,0.00875488902338342,0,0.0262856310876587,0.0233817511422907,-0.00448755095028155,0.00809614453665261,0.00145549356171727,0.0333300572557979,0.00235892711017936,0.00899995862943487,0.000767060667222152,0,0.000489221464719289,0.00184075349148316,0.00666014089470317,0.0506868642647532,-0.0154269466320444,-0.00990435938619573,0,-0.000494800506322904,-0.00129748045070388,0,0.0106139902265983,-0.0132519818733426,0,-0.000326873335711617,0.00341798196680673,-0.0413013200114801,-0.000860673616286722,-0.0313747407414561,0.0385928784797726,0,0.0139003125654514,0.00411390150107792,0.0225314277759439,0.00796993096796379,-0.000488153132845393,0.0046273674484924,0.00345708144788176,0,0.0394324261687696,0.0485040365947889,-0.0334472531894412,-0.00300704447982042,0.01972980034845,-0.0105504286064088,0,0.0391616356284385,0,0.00898620267301863,-0.0264121923631356
"11",0.000789475474035684,-0.000649881863200294,-0.00157161127531698,0.000346080299559251,0,0,0,0.00385006228403444,0.00136997607982119,0.00954445138256277,0.00335617161556323,-0.00530376504976496,0.000470911242809749,-0.0023930321262972,-0.000700078681216368,0,0.00287779002143421,0.00317216054695031,-0.000642975684042299,0,0,0,0.000556195607567436,0,-0.00918375672243871,0,0.00606203586983849,-0.00355117853900938,0.00126991988902921,0.00188727971592917,0.000363532844831982,0.00139305243141219,0.014441610718851,-0.00176285561819539,0.00262054303558618,-0.0045027865385243,0,-0.00238037086277479,0,0.00316550780519682,0,0,0.00120936122174131,0,-0.00249844105398593,0,-0.00106593580135272,0.00044902315095123,0.0037373217214493,0.00173400168887955,0.000427360224296514,0.00522682591154547,0.00392397253139136,0,0.00257220679848791,0.00124747563166311,0.00558416362880242,0,0.00276576380283616,0.000451475064825207,0,0.00211019247308128,0,0.00159459479410742,0.00946002483974205,-0.00389868338399318,0,0,0,0,0,0.00464059796822583,-0.00344437191700778,0,0.00128766391721792,0.0016666491552977,-0.00979507275863002,0.000758819935268162,-0.00808391061689513,0.0132299780674815,-0.00120629246520383,0.00109284029036263,0,0.0056974895200054,0.002135378355101,0,0.0018398379007341,0,-0.00456566668265233,0.0104705165277849,0.0114454067553362,-0.00729235602848879,0,0.0069299049027195,-0.00358774241271101,0.000987798830341974,0.00984353739452805,0,0.00142640416191304,-0.00612499800542626
"12",-0.00147100601349009,0.00983700216435593,0.00464943813642359,0.000461723455264268,0.00886804299382291,0,0.00582199211267927,-0.00620319572179409,0.00236673841166962,0.000490804526181526,-0.00530376504976496,0.0311878688790902,-0.00206675498623528,0.0109344938484948,0.0172272012679354,0,0,-0.0104808085705581,0.0023240769757694,0.0010595083997368,0,0,-0.00157991894896299,0.00016456921879747,-0.000682504109159127,-0.00210460101894862,-0.0095721999961549,-0.00328900594747816,-0.00513224373315227,-0.0105223528041228,-0.000951001991690029,0.00604431496209332,-0.0229655309375624,-0.00299122909031675,-0.0036959646657123,0,0.000679929132734611,0.0152882091330049,-0.000470563095228332,0.0200001708626652,0.000350592103893793,-0.00454506987456831,-0.00604615206679462,-0.00896554533279734,-0.00281199170844508,0.016243162876656,0.00560385609263918,0,0.00350608014000407,0,-0.00188343338137192,0.00352824160600027,0.00703445112099217,-0.00226918306304323,-0.0036760843794757,-0.00317885092991851,0.0117955880323641,0.00325312896108418,0.000846393677305379,0,0,-0.0104847584780201,0.00230800076489211,0.00106524018781745,0.0140366375346062,0,-0.0163769280915746,-0.00318505954421958,0.0017325416717031,0,0,-0.0108066140492011,0,-0.000268882140702337,-0.0104113416101583,-0.00723382592874404,0,-0.00405869962032926,0.0012305518344852,-0.0237835618835096,0.00684641714118742,0.0105465848203938,0.00223443464860108,-0.00309608609386054,0,0.000513369082143333,-0.00507254833091508,0.00566733778742982,0.0274581155525278,-0.00661936081252629,0,0.00118105182804455,-0.00300113880851033,-0.0121710985901014,0.00632326277315398,-0.0066516433484264,-0.00197712624077503,-0.00354029071378627,0.00320378059592921,-0.00317385443263596
"13",0.000794932569511561,0,-0.000339092916472078,0,-0.000494395329267899,0,-0.000642517021813643,0,0,0,0.000470911242809749,-0.00206675498623528,0.000282145722148311,-0.000778088482037947,-0.00139987698220746,0,0,0.00083493956643127,0,0,0,0,0,0,-0.000544321135252809,0,0.000700490628314454,0,0.000423341283886575,0.000908219420835965,0,0,0.00191306877616054,0,0.00038815218685144,0,0,-0.00156090365058328,0,-0.00132059482118908,0,0,0.000741626341174223,0.000514136871404336,0,-0.00113317501969694,-0.000474417310730738,0,0,0.000376603274823792,0,0,0,0,0.000505968858581132,0.000370860099301762,0,0,0,0,0,0.000821828809217093,0,0,0,0,0.00134328798253615,0,0,0,0,0.000747109205942065,0,0,0.00105403989776776,0.000770629108615584,0,0,0,0.00209743592975617,-0.000471361965417,0,0,0.00046702162985568,0,0,0.000477702806793268,-0.000610324154296668,-0.00215762974563773,0.000649439196710455,0,-0.000853359238603552,0,0.000898035414758303,-0.000447709388032458,0.000525930642001848,0,0,0,0
"14",-0.00164686597676991,0.00233695457192527,0.00174483866435855,0,0.00235728949969252,0,0.00215929316044576,-0.00270458657800521,0,-0.00251311395539056,-0.0023930321262972,0.0109344938484948,-0.000778088482037947,0.00410008510569095,0.00569199927218722,0,-0.000837667013443621,-0.00377160809875289,0.000516650177693589,0.000402482083047398,0,0,-0.000680212805259581,0,0.00252484076885594,0,-0.00420142773445513,0,-0.00182523686625433,-0.00369694058832767,-0.000410471527622081,0.00126055811223227,-0.0108429811422078,0,-0.00179879148141843,0.00158314066255839,0,0.00582105264759805,0,0.0052363551109349,0,-0.00182478893986923,-0.00246764600328034,-0.00263280325240363,0,0.00478693880310699,0.00208657971627997,0,0,-0.000881383685964826,-0.000636828423186742,0,0.000759698060593159,0,-0.00196311774488402,-0.00122987867749491,0.00192603232262889,0.00084246274183998,0,0,0,-0.00378932320741189,0,0,0.00161016617862668,0.000944044596647403,-0.0053636096670128,-0.00117278446914469,0.000645702068770113,0,0,-0.00434667493453121,0.000810717403252559,0,-0.00390022704883949,-0.0029003579263928,0.00245679585902607,-0.00116101618060314,0.00212303979728778,-0.0108867974153367,0.00228685177967396,0.00263910209459585,0,-0.00266419783058094,-0.000660569518065521,0.000450923416766946,-0.00212055319978822,0.00216244218562918,0.009803473901615,-0.00478392422579546,-0.00295605987303983,0.0030918507495149,-0.000841632331643805,-0.00528728721488245,0.00279327071714089,-0.00242292977305117,-0.00305182430462342,-0.00103362702069056,0,0
"15",-0.0033135518495907,0.00449239944944238,0.001896003159395,0.000430976175806938,0.00625922849540159,0,0.00539240935156558,-0.000601036693999024,0.00356405188081724,0.00886897574034719,-0.000700078681216368,0.0172272012679354,-0.00139987698220746,0.00569199927218722,0.0126666562782968,0,0.00248470635263082,-0.00463597806412867,0,0.000768673142510126,0,0,0,0,-0.00798390818857216,0,-0.000799944897684007,-0.0053229737598474,-0.00291797331572971,-0.00606156241053644,-0.000619416181824511,0.00543474397681536,-0.0033352723783889,-0.00265093645461721,0,-0.00320476289472708,0.00042988914672934,0.0105095343206985,0,0.0174459314263621,0,-0.00426124505219887,-0.00389283389387686,-0.00615915899563417,-0.00486367864520267,0.0116146142474118,0.00322344064338495,0,0.00600701749643941,0,-0.000998310415582626,0.0067277152592094,0.00758906456222104,-0.00109937449581127,-0.000701217906157681,-0.0010473888166163,0.0125569444818602,0.00104068124080575,0.00489097416374668,0,0,-0.00554029875437358,0,0.00309426875163983,0.0180666704215476,-0.00342188412006561,-0.0123718760566007,-0.00206541134658271,0.000732909882327812,0,0.000612198599183628,-0.00304330335858687,-0.0034468420368694,-0.00013445558218235,-0.00776341033614822,-0.00493132876775436,-0.00877268797287033,-0.00186379988984267,-0.00737395230823691,-0.00553547352602347,0.00381233923253718,0.00757586992843712,0,0.00260387336285178,0.00162121439323125,0.0011182669031108,-0.00243107961956389,0.00542661382793141,0.016433538939791,0.00503390013011025,0.0105150829016832,-0.00348416109879697,-0.00274044206719201,-0.00223548747847784,0.00119227458674903,-0.00403030722316892,0.00811393826751228,-0.00231109068927575,0.0038133580903313,-0.00871642309020262
"16",0.000251300633482554,0,0,-0.000735545787042061,0,0,0,0.000305973119801559,0,0.000283225863299541,0,0,0,0,0,0.000384062857347281,0,0,0,0,0,0,0,0,0,0,0,0,0.000364223344560405,-0.000482900121801827,0,0.00030260870417409,0,0,0,-0.000325319185903644,0.000236876489775231,0.000422924721051265,0,0.000515004606097477,0,0,-0.000787112440151491,0,0,0.000752368506945988,0,0,0,0,0,0.000255477606693824,0.000235078274076081,0.000481850044087795,0,-0.000629965621000733,0.000434672347095696,0.000298932251839287,0,0,0,-0.000531968163211521,0.000298302405828593,0.000308765887232582,0.000222132149160392,-0.000423358419427033,-0.000378901515071764,0,0,-0.000694700051889721,0.000610011758821347,0,0.000214645820292042,0,0,0.000371416309675091,-0.000559201215366886,0,0,0,0,0.000288983136043128,0,0,0,0,0,0,0,0.000256995674630722,0.000720295748548427,0,0,0.000455075232108845,-0.000295529346817702,0,0,0.00102795243001096,0,0
"17",0,0.00106842799562072,-0.000932703982411492,0.000338302422540265,0.00217426991028578,0,0.00127670250357106,0.00334755314767342,0.00202781291264634,0.0113608714844207,0.00287779002143421,0,0,-0.000837667013443621,0.00248470635263082,0,0.00328913897294986,0.00158446374547852,0,0,0,0,0.000468090972408033,0,-0.0108449606679484,0,0.00525372023683038,-0.00473699428693333,0,0,0,0.00289515183373638,0.012685560519569,-0.00250033128391075,0.00233041932404364,-0.00546499938197822,0,0,0,0.00756281535662559,0,-0.000847024873744592,0,-0.00158436333896986,-0.00353265195893679,0.00335734004709291,0,0,0.00501481491463567,0.00196420748137849,0,0.00688289712182738,0.0059041046149626,-0.000938475814509621,0.00228579495189193,0.000769650585120157,0.00866530157674041,0,0.00338530677347659,0.000360411896224697,0,0.000496649617516068,0,0.00212895920274514,0.0136757058024309,-0.00441728580676116,-0.0027602612306627,0,0,0,0,0.00342251110415281,-0.00400183554065063,0,0,0,-0.0114325168948418,0,-0.00923182888450329,0.0110379108677083,0,0.0032167489821612,0,0.00615172666034421,0.00237018143459455,0,0.00117045955546426,0.00138972037563632,0,0.0111347611330872,0.0134576236354843,-0.00829743397844358,-0.000939812922418223,0.00579101589537408,-0.00303013661010276,0,0.0112214399161423,0,0.00242069458858488,-0.00774571740938641
"18",0,-0.00363279600560397,-0.00209144302598865,0,-0.00239839893361862,0,-0.00102612995937883,0.00367314091490031,0,0.00429184824218422,0.00317216054695031,-0.0104808085705581,0.00083493956643127,-0.00377160809875289,-0.00463597806412867,0,0.00158446374547852,0.00468104571133481,-0.001108532494417,0,0,0,0.000509356567997152,0,-0.00404492663996751,0.00135058047554788,0.00578141620823359,-0.000887184301474483,0.00212933685755581,0.00376020311987453,0.000466231377560286,-0.00122353080359155,0.012862347192016,0,0.00229791396697432,-0.0014356503358291,0,-0.00472729489629659,0,-0.00376299850283444,0,0,0.00190956066005586,0.00249905511384313,0,-0.00430637749563534,-0.00187293527474902,0.000598127353704458,0.000978766212095014,0.000553440157231258,0.000769840225994037,0.00122799331212588,0,0,0.00208427249355971,0.00158692204413975,0,-0.00119946845123182,0.00177449292228844,0.000463390824470222,0,0.00370636659724881,-0.00112909083430544,0.000719028656509316,0.000856696552896691,-0.00233253655144418,0.00418278191571436,0.000891681065378847,-0.000410307157607356,0.0008285276365049,0,0.00519986795585906,-0.00178912971472552,0,0.00305621373923294,0.00255325363126881,-0.00492296544583587,0.00176140277656228,-0.0046241348733522,0.0124565178506848,-0.00253265286345496,-0.00241574185135433,-0.00124949473775006,0.00330725379130917,0.00119033488055816,0,0.0021645067733231,0,-0.00917325662886632,0.00668930821616508,0.00562430458234786,-0.00312845981561517,0.000711700879544919,0.00681482543816513,-0.00344925437140275,0.00203780086050796,0.00537575023437009,0.00105166275787061,-0.000443714980316354,-0.00256286451552007
"19",0.00529698217796089,0.00393499044442994,0,0,0.00160521631373012,0,-0.00152354280519723,-0.000908044529556437,-0.00122916476785255,0,-0.000642975684042299,0.0023240769757694,0,0.000516650177693589,0,0,0,-0.001108532494417,0.00247691860281768,0,0,-0.000641982272737152,0,0,-0.00123600938559192,-0.00231621558504323,-0.00179697004547219,-0.000562804871919273,0,-0.000763143423275534,0,0.00112156781239083,-0.00137516857666029,-0.00170389063658245,0,-0.00267511381660117,0,-0.00167097046026311,0,0.00126203805207861,0,0.00190664130949847,0,-0.000876948696709484,0.000597113017984041,0.00196343382863083,0,-0.000663625559697581,0,0.00196804686688282,0,0.00151099385093037,0.00231412013262471,-0.00149754549659549,0,-0.000956375785145749,0.00240619609649392,0.00197959058369462,-0.00328941893850267,0,0,-0.00107466260697002,0.00281838869840335,-0.00125518308070274,0.00179683989504591,0,0,0,0,-0.0014370062934924,-0.00060676368089374,-0.00164040283539239,0.000906898990387622,0,0.00186552861367284,0.0017959511669763,0,-0.00102837845719303,0.00179654812989684,-0.000745688553845575,0,0.00245102036599114,0.00308575395927657,0,0,-0.00112605517880117,0.000507783994858998,-0.00164412175748928,0,-0.000642497040772252,0,-0.00403391658901781,0,-0.00106990442996116,0,0,-0.00114964770176337,0,0,0.00144740199098289
"20",0,0,0,0,0.000377324681052962,0,0.000384728697952627,0,0,0.000587107154402508,0,0.0010595083997368,0,0.000402482083047398,0.000768673142510126,0,0,0,0,0,0,0,0,0,-0.000420958257106099,0,0,-0.000357140807126968,0,-0.000439358418672528,0,0.000337648097010534,0,0,0,0,0,0.000698056908091493,0,0.00110939424904814,0,0,-0.000471736464870628,-0.000306423488891261,-0.000340339720095811,0.000850806046049035,0,0,0.000351969164036389,0,0,0.000420930385238827,0.000504366382689581,0,0,0,0.000901309106034823,0,0,0,0,-0.000474980088491991,0,0,0.00113350985574089,-0.000391181614133512,-0.000803618147338842,0,0,0,0,0,0,0,-0.000375353759025032,0,-0.000757782195862297,0,-0.000533091401898569,0,0,0.000524984713819052,0,0,0,0,0,0.000437999412642068,0.000954687851868585,0.000368524970236414,0.000859795453651113,0,0,0,0,-0.000325159913336745,0.000511301729449895,0,0,-0.000626411997511983
"21",0,0,0,0,0,0,0,0,0,0,0,0,0,0,0,0,0,0,0,0,0,0,0,0,0,0,0,0,0,0,0,0,0,0,0,0,0,0,0,0,0,0,0,0,0,0,0,0,0,0,0,0,0,0,0,0,0.000205273459626384,0,0,0,0,0,0,0,9.95552440147124e-05,0,0,0,0,0,0,0,0,0,0,0,-0.00019582216682601,0,0,0,0,0,0,0,0,0,0,0,0,0,0.000111410842657894,0,0,0,0,0,0,0,0,0
"22",-0.00143008715140402,-0.000943208512680663,0,0,0,0,0.000496868162560948,0,0,0,0,0,0,0,0,0,0,0,-0.000641982272737152,0,0,0,0,0,0,0.000610426749376891,0,0,0,0,0,0,0,0.00045233657587114,0,0.000692982331483141,0,0.00070467421949881,0,0,0,-0.000530724197415886,0,0,0,0,0,0,0,-0.00054387935218482,0,0,-0.000523204004122799,0.00040915737304742,0,0,-0.000485259130290822,-0.000469447004417187,0.000874254253293794,0,0,0,-0.000709570062420756,0,0,0,0,0,0,0,0,0,0,0,-0.000649965193479818,-0.000572629623468449,0,0,0,0,0,-0.000501134237513606,-0.00079025551502955,0,0,0.000331166292325283,0,0.00052149086604425,0,0,0,0.00111254288846019,0,0,0,0,0,0,0,0
"23",0.000377573273552645,0,-0.000325723116801208,0,0,0,0,0.000788932893309141,0,0.00170068301200174,0.000556195607567436,-0.00157991894896299,0,-0.000680212805259581,0,0,0.000468090972408033,0.000509356567997152,0,0,0,0,0.00026904694240483,0,-0.00141967853159526,0,0.00106466855726101,-0.000489316670754941,0,0,0,0.000341861888398895,0.00290396883563829,0,0.000407505021139204,-0.000996345839383711,0,-0.000601339412417398,0,0,0,0.000411607848981768,0,0,-0.000450162652362307,0,0,0,0.000480358768373365,0,0,0.000986783600445656,0.000603209774334756,0,0.000377203244994323,0,0.000718586011504541,0,0,0,0,0,0,0,0.00127010419251079,-0.000653324174789152,0,0,0,-0.000403826667949692,0,0.000915312238585167,0,0,0.000456627815578814,0.000491329519891365,-0.00164281395601577,0,-0.00127120522935877,0.00263576896079216,0,0,0,0.00107164083246813,0,0,0.000430076532356299,0,-0.00124491636962619,0.00198376873511047,0.00207003820188562,-0.00138737268479233,0,0.00139652531114989,-0.000783870764692801,0,0.0016598656061793,0.000443442511329731,0,-0.000862711240219347
"24",0,0,0,0,0,0,0,0,0,0,0,0.00016456921879747,0,0,0,0,0,0,0,0,0,0,0,0,0,0,0,0,0,0,0,0,0,0,0,0,0,0,0,0,0,0,0,0,0,0,0,0,0,0,0,0,0,0,0,0,0,0,0,0,0,0,0,0,0,0,0,0,0,0,0,0,0,0,0,0,0,0,0,0,0,0,0,0,0,0,0,0,0,0,0,0,0,0,0,0,0,0,0,0
"25",-0.00805361022737486,-0.00870233689536078,0.00268476588959057,-0.00120922716393569,-0.00930080587917292,0.000444165326023829,-0.00244685053098204,-0.0102571752529531,-0.00579067354026294,-0.039788955910707,-0.00918375672243871,-0.000682504109159127,-0.000544321135252809,0.00252484076885594,-0.00798390818857216,0,-0.0108449606679484,-0.00404492663996751,-0.00123600938559192,-0.000420958257106099,0,0,-0.00141967853159526,0,0.039121453674076,0.00237684081096591,-0.0159749341387642,0.0169418404366158,-0.00147759524384336,0,-0.000921624231022461,-0.0112214902691757,-0.0422743864793274,0.0107557198852621,-0.00776636029689379,0.0219116985132261,0,0.00161961122184254,0,-0.0273007887505085,0.000168985949244374,0.000810344947734257,-0.00175051093061471,0.0065727803098396,0.0113772752967714,-0.0133792270390387,0.00071077128559377,-0.000460499608902723,-0.0172384011930137,-0.00914529320637181,0,-0.0254946248387848,-0.022956285546067,0.00536600076003244,-0.00841502948490766,-0.00196242093833862,-0.0323587662347932,-0.00248411051857145,-0.00783790453950045,-0.00117403634614237,0,-0.000902451864652362,-0.00224635563322616,-0.0056735980226903,-0.0491972080944703,0.0143018746240596,0.00886134045314695,0,0,0,0.000718305961695656,-0.0100195921816465,0.0130714554058036,0,0,-0.00347922826698878,0.0394061714768889,0.00120620420719914,0.0296614878428724,-0.0373901674119664,-0.00049180795762456,-0.0137362196013826,-0.00483384769270642,-0.0219626480379929,-0.00814178719070696,0.00116901892619073,-0.00450596044751934,-0.00258962059092831,0,-0.0376764341825793,-0.0460438155700531,0.0333330220669811,0.00299226440971422,-0.0183577427900407,0.00978655167422335,0,-0.0374533042540062,0.00141738505732455,-0.0087028588671102,0.0248571184145038
"26",-0.00519527790810494,-0.00476570495372529,-0.000515654212946332,0,-0.00178203299073829,0.00050637504272652,0.00166624042705121,0.00107629594799356,0.000605079361811006,-0.00133008735629493,0,-0.00210460101894862,0,0,0,0,0,0.00135058047554788,-0.00231621558504323,0,0,0.000610426749376891,0,0,0.00237684081096591,0.00288325836465816,0.00164525740909061,0.000836495214608199,0,9.64262255839093e-05,0,-0.00133505551300479,0.000539401594384606,0.00209282002781823,0,0.00304892471343987,0,0.00195950920517073,0,-0.00165204069803448,0,-0.00173208906535112,-0.00111826305904296,0.00120594480581457,0,-0.00171034276828091,0,0.000654351705960718,0,-0.0022259717030445,0,-0.00206145123747467,-0.00266595601324268,0.0021278771189801,-0.000753878979867548,0,-0.0026410945062605,-0.00166962877289435,0.00311747335162474,0,0,0,-0.0024646257366373,0.00139264875478838,-0.00277755717744738,-0.000736228970995248,0,0,0,0.00110355479796725,0.00114034287598,0.00134758113370881,0,0,-0.00157981412770156,-0.00127312365211864,0,0.00137732543333412,-0.00133312816302746,0,-0.000802698922474421,-0.00248699448923882,-0.00331888914133022,-0.00114411867087999,0,0.00144510472918742,0,0.00195486261917534,0,0,0,0.00466624119597034,0,0.00133901221838512,-0.000533135529189654,0,0,0.000667138712220586,-0.000674913517930656,-0.00116684355198697
"27",0,-0.00223799309168608,-0.0028628255821532,0.000471335176667517,0,0,0.00084642397486287,0.0071228787505903,0.00271390716845592,0.0169779501381703,0.00606203586983849,-0.0095721999961549,0.000700490628314454,-0.00420142773445513,-0.000799944897684007,0,0.00525372023683038,0.00578141620823359,-0.00179697004547219,0,0,0,0.00106466855726101,0,-0.0159749341387642,0.00164525740909061,0.0111698321796877,-0.00624998509977505,0.00220849594982457,0.00325361148652668,0.000539664586231961,0.00237136519792477,0.0258328433280986,-0.00262621268476804,0.00465380853676486,-0.00740947533205559,0,-0.00340854484531437,0,0.00577034030309227,-0.000207893901436315,-0.000674845007904698,0.00172915842019855,0,-0.00474876415013588,0,-0.00178328438699747,0.000913114281076377,0.00672933399013878,0.00252155456460267,0.000788187206293992,0.00904457559787603,0.00653914491116715,0,0.00435174407573813,0.00222898940486241,0.00960622860973619,-0.00106921263911361,0.00583009977269149,0.000731695440513644,0,0.0037274627669053,-0.00153448921741406,0.00331065658851652,0.016652359804929,-0.00721240300931493,0,0.000698118348676849,-0.000581572321537618,0.000888665599959648,0,0.00853023673665187,-0.00625676817375173,0,0.00165154083693492,0.00248320606672633,-0.0175580059387545,0.00161021578416817,-0.0149444189896343,0.0234256703319782,-0.00222120211708887,0.00152189370075188,-0.000982239235152046,0.00997371829636573,0.00374333018421606,0,0.00311012061068083,0.00120129738850366,-0.00774942450093188,0.0188382422546102,0.0206425590697022,-0.0119295039940112,-0.000580600319891447,0.0126157577776167,-0.00651018397097371,0.00163214388879697,0.0178715536976919,4.81095430241857e-05,0.00255242876022227,-0.0114394967938248
"28",-0.00293204302681785,-0.00417624297463384,0.000805703823644324,-0.00035182871343542,-0.00483822059885237,0,-0.0018854602058615,-0.00409076788290462,-0.00276815987855145,-0.017451904322136,-0.00355117853900938,-0.00328900594747816,0,0,-0.0053229737598474,0,-0.00473699428693333,-0.000887184301474483,-0.000562804871919273,-0.000357140807126968,0,0,-0.000489316670754941,0,0.0169418404366158,0.000836495214608199,-0.00624998509977505,0.00771341470747211,0,0.00119728566793582,0,-0.00546120997160461,-0.0163464312734047,0.00474688622313327,-0.00300930796677118,0.00943884934497111,0,-0.00113661858412122,0,-0.0139569139814391,0,0.000906607357620187,0,0.00363542510418527,0.00538997811341545,-0.00753719924033669,0,0,-0.00787625650276545,-0.00375964180074119,0,-0.0113916855511253,-0.0105792735895268,0.00222218718937474,-0.00313140856700919,0,-0.0152639210236741,-0.00134217824007836,-0.00383648535255107,-0.000412149840721091,0,0.000760882788339329,-0.00106475104736059,-0.00282862713253061,-0.0227926831823,0.00644357329557896,0.00567565238766353,0,0,0,0,-0.00342284458260075,0.00564438137849319,0,0.00106052843044487,-0.000802063705435632,0.0174378829278923,0.000740794717358134,0.0130934246820057,-0.0140190979216449,-0.000774742852013607,-0.00692352378545395,-0.00199537142684519,-0.00920051840212732,-0.00341107737232897,0,-0.00148385423112872,-0.00198881358923952,-0.00266132021526519,-0.0159279705285752,-0.0203751404030013,0.0140889982994475,0.00153760773569828,-0.00713262457029447,0.0038092851065578,0.000833139604079394,-0.0162925820663022,0.0006028146730961,-0.00402653802804695,0.0114289261317868
"29",0.00214341611250031,-0.00120485820573805,-0.00110148902616912,-0.000793356973751269,-0.000844102665868374,0,-0.00116923050962307,0.00177630002111658,-0.00085042906413603,0.00179482526846411,0.00126991988902921,-0.00513224373315227,0.000423341283886575,-0.00182523686625433,-0.00291797331572971,0.000364223344560405,0,0.00212933685755581,0,0,0,0,0,0,-0.00147759524384336,0,0.00220849594982457,0,0.00169624989870762,0.00144734687652322,0,0,0.00588573193888793,0,0.000833479788460323,-0.00160516737630903,0,-0.00304768805324222,0,-0.00208030241826677,0,0.00152085890686954,0,0.00139141447015971,0,-0.00143856137490429,-0.000803644870949069,0,0,0.000789875125783907,0.000563046661202188,0.000812331019004214,0,0,0,0,0,0.000313686237227009,-0.000639874341739663,0,0,0.00122134260831946,0.000709774885953224,0,0,-0.00112893674062432,0.00254769829361597,0.000965052942235728,-0.000344999500909396,-0.00079269342673581,0.000427644106476166,0.00199153202948658,0,0,0.00267952672268434,0.00250640194198248,-0.00233606604757407,0.000757605756229587,-0.00120924915014893,0.00588652987421583,-0.0013993517166712,0,0,0.00148747075307187,0,0,0.00149543819590922,-0.00102249461810788,-0.00508657934669514,0.00278189301442566,0.00258962921823486,-0.00266535343614482,0.000881767160921546,0.00345927642389378,-0.0018633759149139,0.000914702042331031,0.00162031510592671,0.0018597746798419,-0.00052215061864222,0
